OBJECTID,NAME,PLZ,GPLZ,CANTON,CANTON_NR,BFSNR,CASES,SUBMISSIONS,FRACTION,POPULATION_AGGREGATED,SUBMISSIONS_PER_100K,CASES_PER_100K,Shape__Area,Shape__Length,Shape__Area_2,Shape__Length_2
3001,St. Gallen,9016,9000,SG,17,3203,0,1,0,9684,10.32631,0,10641256.3847656,14500.0928386851,4870850.13500977,9808.69722237003
3002,Abtwil SG,9030,9030,SG,17,3442,0,0,0,5356,0,0,14218046.8178711,19876.7687035447,6511425.78100586,13455.7711249823
3003,Engelburg,9032,9032,SG,17,3442,0,0,0,2958,0,0,14178994.7255859,23002.8837301919,6489885.30249023,15564.0148446419
3004,Untereggen,9033,9033,SG,17,3219,0,0,0,1078,0,0,15261167.0639648,19001.4573474028,6982404.15722656,12856.6513221936
3005,Eggersriet,9034,9034,SG,17,3212,0,0,0,1772,0,0,11201738.0585938,17712.8215620871,5127495.69384766,11992.7363591937
3006,Grub AR,9035,9035,AR,15,3031,1,1,1,984,101.62602,101.62602,8067016.64013672,18670.6125970442,3692631.87109375,12636.8698941898
3007,Grub SG,9036,9036,SG,17,3212,0,1,0,580,172.41379,0,8096986.34472656,16963.8658437633,3704553.8515625,11477.5835639307
3008,Speicherschwendi,9037,9037,AR,15,3023,0,1,0,794,125.94458,0,6601299.1640625,13492.9268132197,3023187.89331055,9132.46545015095
3009,Rehetobel,9038,9038,AR,15,3034,0,1,0,1902,52.57624,0,16004064.3330078,21021.5575219609,7329322.91235352,14230.9998357148
3010,Speicher,9042,9042,AR,15,3023,0,6,0,3757,159.70189,0,16267071.2558594,20293.5147264671,7454925.85180664,13734.1740258837
3011,Trogen,9043,9043,AR,15,3025,0,0,0,1842,0,0,22934811.2084961,25808.8776848227,10514340.4736328,17479.0924359695
3012,Wald AR,9044,9044,AR,15,3036,0,0,0,971,0,0,14518491.0761719,21849.5060236579,6652372.64916992,14796.9229679454
3013,Appenzell Enggenhütten,9050,9050,AI,16,3104,0,7,0,10823,64.67708,0,110740229.646973,67390.2456595838,50897029.7314453,45701.517273091
3014,Niederteufen,9052,9052,AR,15,3024,0,0,0,1849,0,0,6046353.60498047,12118.9596956629,2772908.30908203,8206.89627394828
3015,Teufen AR,9053,9053,AR,15,3024,0,4,0,4161,96.13074,0,24638499.1147461,27271.3043059287,11298677.673584,18471.3177293139
3016,Haslen AI,9054,9054,AI,16,3104,0,0,0,752,0,0,19569430.2514648,23180.0061292368,8982000.78613281,15708.4377275961
3017,Bühler,9055,9055,AR,15,3021,0,1,0,1974,50.65856,0,16337409.6333008,24170.6753106783,7495968.40283203,16378.8673949187
3018,Gais,9056,9056,AR,15,3022,0,0,0,3171,0,0,44875294.434082,37689.8181446236,20597750.0769043,25539.8212702021
3019,Schwende,9057,9057,AI,16,3105,0,0,0,1135,0,0,99948973.2246094,50345.7302705106,46034033.0495605,34169.8809183665
3020,Brülisau,9058,9058,AI,16,3103,0,0,0,530,0,0,54854515.0537109,50981.3151610524,25261164.8764648,34601.8949135595
3021,Lustmühle,9062,9062,AR,15,3024,0,0,0,436,0,0,3436575.24804688,9745.26577158945,1575575.60839844,6599.46514526173
3022,Stein AR,9063,9063,AR,15,3005,0,0,0,1527,0,0,20754831.2714844,22000.9127401519,9523564.54003906,14898.0843617619
3023,Hundwil,9064,9064,AR,15,3002,0,0,0,779,0,0,24466800.2861328,27658.7490791939,11237130.7202148,18745.0096256744
3024,Herisau,9100,9100,AR,15,3001,0,3,0,15570,19.26782,0,48225833.2646484,45222.8284874364,22122989.4116211,30638.3112246765
3025,Schwellbrunn,9103,9103,AR,15,3004,0,1,0,1558,64.18485,0,35605224.0200195,34484.9606235369,16352765.8063965,23371.6406321809
3026,Waldstatt,9104,9104,AR,15,3007,0,0,0,1927,0,0,13978431.0249023,19663.2610850742,6418833.89794922,13324.8798762657
3027,Schönengrund,9105,9105,AR,15,3003,0,0,0,1280,0,0,19002228.9428711,22227.7325223891,8735922.84082031,15072.7431735209
3028,Urnäsch,9107,9107,AR,15,3006,0,0,0,2730,0,0,134152295.39209,73143.7325103047,61744581.0483398,49626.5808695196
3029,Gontenbad,9108,9108,AI,16,3102,0,0,0,1481,0,0,51699871.512207,40736.8695145129,23775220.736084,27629.6143090179
3030,Schachen b. Herisau,9112,9112,AR,15,3001,0,0,0,417,0,0,9173796.45849609,15567.4824288296,4208923.41186523,10548.2399499923
3031,Degersheim Zustellung,9113,9113,SG,17,3401,0,0,0,3812,0,0,21778617.4482422,26759.9661308418,9994357.53369141,18129.0167822057
3032,Hoffeld,9114,9114,SG,17,3378,0,0,0,274,0,0,14383251.3417969,16078.165030311,6604893.20996094,10898.6650431986
3033,Dicken,9115,9115,SG,17,3378,0,0,0,371,0,0,9120571.11279297,19540.8855326152,4191280.89697266,13248.2480717422
3034,Wolfertswil,9116,9116,SG,17,3401,0,0,0,494,0,0,14566584.0595703,21788.3759113736,6679134.15283203,14755.5571966224
3035,Mogelsberg,9122,9122,SG,17,3378,0,0,0,829,0,0,20744804.2695313,34608.4360652815,9528701.74829102,23457.7182707581
3036,Nassen,9123,9123,SG,17,3378,0,0,0,368,0,0,21911866.8569336,26819.0151523192,10053283.6057129,18167.8177114562
3037,Brunnadern,9125,9125,SG,17,3378,0,0,0,983,0,0,15910751.3066406,23615.3908887551,7315057.79199219,16013.2627957701
3038,Necker,9126,9126,SG,17,3375,0,0,0,390,0,0,5595697.15039063,15880.7682529756,2570515.7409668,10759.3521158212
3039,St. Peterzell,9127,9127,SG,17,3378,0,0,0,594,0,0,12491447.0131836,21920.814436464,5743600.65771484,14864.1903659852
3040,Gossau SG,9200,9200,SG,17,3443,0,1,0,16301,6.13459,0,45939614.1201172,40916.1954410888,21046918.3537598,27696.3841444656
3041,Niederwil SG,9203,9203,SG,17,3424,0,0,0,1468,0,0,18601054.2504883,25649.8925831988,8517336.8215332,17357.3197768561
3042,Andwil SG,9204,9204,SG,17,3441,0,0,0,2103,0,0,19352014.4316406,22357.2602068788,8859568.97338867,15129.5282297722
3043,Waldkirch,9205,9205,SG,17,3444,0,0,0,2537,0,0,46389282.8510742,43912.4789854002,21217093.9169922,29700.7365437471
3044,Arnegg,9212,9212,SG,17,3443,0,0,0,1841,0,0,7553541.1640625,14554.9083592208,3457428.26416016,9847.04333932579
3045,Hauptwil,9213,9213,TG,20,4486,0,0,0,1222,0,0,7832238.16894531,15523.1518568654,3579642.29370117,10498.7839270726
3046,Kradolf,9214,9214,TG,20,4501,0,0,0,1486,0,0,4319254.65771484,11128.375046921,1970800.45532227,7520.59996899231
3047,Schönenberg an der Thur,9215,9215,TG,20,4501,0,0,0,1707,0,0,10879577.9658203,21900.5456731633,4964864.44458008,14795.3324458539
3048,Heldswil,9216,9216,TG,20,4495,0,0,0,639,0,0,17684697.7280273,20053.23928117,8072212.95458984,13545.0536042218
3049,Neukirch an der Thur,9217,9217,TG,20,4501,0,0,0,480,0,0,9511977.79248047,18167.4666631043,4342873.11376953,12274.7688275144
3050,Bischofszell,9220,9220,TG,20,4471,0,0,0,5732,0,0,26342428.2006836,39478.1065846959,12032902.463623,26686.9529346925
3051,Schweizersholz,9223,9223,TG,20,4471,0,1,0,597,167.50419,0,12100144.3510742,16321.6775585711,5526501.74682617,11030.3922834372
3052,Wilen (Gottshaus),9225,9225,TG,20,4486,0,0,0,661,0,0,15370557.793457,22205.4160077867,7023054.30810547,15013.5647446357
3053,Flawil 1,9230,9230,SG,17,3402,0,0,0,10439,0,0,22277121.7983398,31443.6144817164,10209628.7946777,21289.4699742785
3054,Egg (Flawil),9231,9231,SG,17,3402,0,0,0,192,0,0,4588923.59716797,9910.810248678,2104242.80419922,6709.3977500708
3055,Uzwil,9240,9240,SG,17,3408,0,0,0,4909,0,0,13866663.6455078,30232.2601612026,6349723.61474609,20459.2112780288
3056,Oberuzwil,9242,9242,SG,17,3407,0,0,0,4999,0,0,7923839.16357422,16069.5424268239,3628720.95166016,10879.9006954048
3057,Jonschwil,9243,9243,SG,17,3405,0,0,0,1820,0,0,15044160.7602539,22390.1229099195,6891082.8269043,15156.9796353853
3058,Niederuzwil,9244,9244,SG,17,3408,0,0,0,5752,0,0,6622025.71582031,12991.4195852222,3030631.07788086,8786.150121834
3059,Oberbüren,9245,9245,SG,17,3424,0,0,0,2949,0,0,20422624.0991211,32003.7850486754,9344681.47680664,21649.1660028222
3060,Niederbüren,9246,9246,SG,17,3422,0,0,0,1537,0,0,33236325.6035156,28390.2644273857,15201566.0222168,19200.9990334776
3061,Henau,9247,9247,SG,17,3408,0,0,0,1566,0,0,6775914.26513672,12200.6844389766,3099961.34985352,8254.74999419543
3062,Bichwil,9248,9248,SG,17,3407,0,1,0,1088,91.91176,0,10905220.9799805,15830.4866736255,4996538.21582031,10720.7624066142
3063,Algetshausen,9249,9249,SG,17,3408,0,0,0,909,0,0,12381424.6494141,21719.9892417146,5666171.03100586,14698.18311519
3064,Wittenbach,9300,9300,SG,17,3204,0,0,0,9290,0,0,25282219.8310547,35159.0337197222,11561964.1247559,23776.0835797923
3065,Bernhardzell,9304,9304,SG,17,3444,0,0,0,993,0,0,20256152.7080078,23065.7725087713,9263184.42382813,15594.6621705693
3066,Berg SG,9305,9305,SG,17,3211,0,0,0,775,0,0,6583738.15283203,12086.0281594504,3008581.17578125,8169.71898502941
3067,Freidorf TG,9306,9306,TG,20,4431,0,0,0,1407,0,0,8414116.98486328,16276.2380187724,3845142.96972656,11006.854266648
3068,Lömmenschwil,9308,9308,SG,17,3201,0,0,0,515,0,0,13175959.6396484,31108.1013520804,6018672.30859375,21026.2363457142
3069,Häggenschwil,9312,9312,SG,17,3201,0,0,0,900,0,0,7923582.546875,12417.5065645628,3620261.08227539,8393.7375060967
3070,Muolen,9313,9313,SG,17,3202,0,0,0,1190,0,0,22029387.7246094,30005.2509566439,10055159.0380859,20273.6887531011
3071,Steinebrunn,9314,9314,TG,20,4411,0,0,0,678,0,0,7086206.36474609,16287.7618022475,3232420.85742188,11003.0563999931
3072,Winden,9315,9315,TG,20,4411,0,0,0,2028,0,0,22030963.2280273,27929.8806452967,10054490.8544922,18869.4962030584
3073,Stachen,9320,9320,TG,20,4401,0,0,0,14487,0,0,66575243.1269531,37711.2971000043,30365538.7026367,25471.4804565225
3074,Egnach,9322,9322,TG,20,4411,0,0,0,2169,0,0,39022176.3041992,38852.4361089568,17787964.3666992,26245.3391832348
3075,Steinach,9323,9323,SG,17,3217,0,0,0,3573,0,0,17627979.1640625,32069.3859863472,8050030.59667969,21666.2325510272
3076,Roggwil TG,9325,9325,TG,20,4431,0,0,0,1764,0,0,18487655.9707031,24240.1172729578,8442151.02172852,16379.7263849966
3077,Horn,9326,9326,TG,20,4421,0,0,0,2736,0,0,33412286.7729492,29883.4215133535,15252151.4511719,20183.97297878
3078,Tübach,9327,9327,SG,17,3218,0,1,0,1502,66.5779,0,4299930.15966797,10158.5725947532,1965234.55419922,6866.89121288683
3079,Rorschach,9400,9400,SG,17,3215,0,2,0,8876,22.53267,0,21780234.3759766,29230.788745367,9950656.69360352,19733.8199061598
3080,Mörschwil,9402,9402,SG,17,3214,0,0,0,3577,0,0,21364133.3950195,21066.6446367632,9769659.35668945,14245.9318031048
3081,Goldach,9403,9403,SG,17,3213,0,1,0,9398,10.64056,0,16512395.5869141,37136.5580175257,7545789.48095703,25083.47655063
3082,Rorschacherberg,9404,9404,SG,17,3216,0,2,0,7576,26.39916,0,26007864.8862305,41629.370668635,11888410.8310547,28117.7176924006
3083,Wienacht-Tobel,9405,9405,AR,15,3033,0,0,0,385,0,0,1939670.64648438,7379.57561746562,887076.846191406,4992.64196075546
3084,Heiden,9410,9410,AR,15,3032,0,1,0,4251,23.52388,0,17123315.4755859,25923.2194784883,7838210.57275391,17537.8238036117
3085,Reute AR,9411,9411,AR,15,3035,0,0,0,713,0,0,10828437.7075195,29464.9515094795,4961614.03857422,19951.3017883587
3086,Oberegg,9413,9413,AI,16,3111,0,0,0,1800,0,0,27504319.5732422,50215.9714429863,12601406.2426758,34000.4303878152
3087,Staad SG,9422,9422,SG,17,3237,0,0,0,2687,0,0,16301002.2983398,36416.8573786229,7448188.23706055,24596.055125021
3088,Altenrhein Dorfstrasse,9423,9423,SG,17,3237,0,0,0,840,0,0,31126000.7519531,28510.3283878053,14207404.4765625,19251.8503487968
3089,Rheineck,9424,9424,SG,17,3235,0,1,0,3477,28.76043,0,5532103.39990234,13852.6984647522,2529726.82641602,9365.51459642039
3090,Thal,9425,9425,SG,17,3237,0,1,0,3027,33.03601,0,9283587.55615234,18018.4495805616,4244406.73901367,12187.5758632852
3091,Lutzenberg,9426,9426,AR,15,3033,0,0,0,1066,0,0,3193820.04101563,9412.32569164682,1460960.75073242,6368.93073552358
3092,Wolfhalden,9427,9427,AR,15,3038,0,0,0,1916,0,0,14015013.6621094,20815.6536154356,6413028.48242188,14083.258774784
3093,Walzenhausen,9428,9428,AR,15,3037,0,0,0,2083,0,0,15794374.5200195,21144.6604305474,7229222.59936523,14312.2610115864
3094,St. Margrethen SG,9430,9430,SG,17,3236,0,0,0,5739,0,0,14256219.2851563,20088.4625927787,6522823.09008789,13593.5381789437
3095,Au SG,9434,9434,SG,17,3231,0,1,0,4591,21.78175,0,7763129.85888672,15012.9693024323,3555078.29492188,10158.1764708965
3096,Heerbrugg,9435,9435,SG,17,3231,0,3,0,4738,63.31786,0,4213370.26611328,12501.9271117395,1930703.16113281,8461.04019015024
3097,Balgach,9436,9436,SG,17,3232,0,0,0,4431,0,0,17977296.7988281,26286.695459614,8243702.53637695,17803.4292590937
3098,Marbach SG,9437,9437,SG,17,3253,0,0,0,2223,0,0,9690903.69433594,18651.2297967212,4445061.61645508,12633.7732036307
3099,Berneck,9442,9442,SG,17,3233,0,0,0,4001,0,0,14664111.7402344,19390.5272204854,6716329.703125,13127.8377393932
3100,Widnau,9443,9443,SG,17,3238,0,0,0,8893,0,0,13081026.1611328,16673.7997617596,5996830.95458984,11286.0203590508
3101,Diepoldsau,9444,9444,SG,17,3234,0,0,0,6197,0,0,18547796.5825195,24376.6442553278,8508911.05297852,16509.5376567486
3102,Rebstein,9445,9445,SG,17,3255,0,1,0,4304,23.2342,0,10021818.6376953,19710.3688751514,4595483.10473633,13347.6039915475
3103,Altstätten SG Zustellung,9450,9450,SG,17,3251,0,0,0,10986,0,0,61244287.2426758,45577.0443062891,28106055.3200684,30876.7979140407
3104,Kriessern,9451,9451,SG,17,3254,0,0,0,1827,0,0,11740759.6616211,14428.2404428245,5389702.88183594,9775.69821387499
3105,Hinterforst,9452,9452,SG,17,3252,0,0,0,951,0,0,7805870.91943359,13018.867879486,3584230.96557617,8824.05596314252
3106,Eichberg,9453,9453,SG,17,3252,0,0,0,1173,0,0,8418576.27246094,15080.3037796039,3867583.61279297,10223.5136450969
3107,Montlingen,9462,9462,SG,17,3254,0,0,0,1929,0,0,14539371.5913086,20935.1613686903,6680304.45581055,14185.7351833142
3108,Oberriet SG,9463,9463,SG,17,3254,0,0,0,5316,0,0,49366280.8999023,35846.0467316748,22697332.5100098,24310.554404546
3109,Rüthi (Rheintal),9464,9464,SG,17,3256,0,0,0,2875,0,0,38228826.7749023,26807.7521995385,17597608.1225586,18191.8758175371
3110,Salez,9465,9465,SG,17,3274,0,0,0,811,0,0,13926699.8144531,18130.6036807612,6424502.50610352,12311.7669903385
3111,Sennwald,9466,9466,SG,17,3274,0,0,0,1812,0,0,26274251.7675781,21393.2086688101,12107540.3273926,14520.6936084236
3112,Frümsen,9467,9467,SG,17,3274,0,0,0,735,0,0,17655773.1357422,17852.6741982844,8139717.94067383,12118.8722147897
3113,Sax,9468,9468,SG,17,3274,0,0,0,888,0,0,24816221.2626953,26053.0162380087,11447417.973877,17696.6036487235
3114,Haag (Rheintal),9469,9469,SG,17,3274,0,0,0,1466,0,0,10018177.4990234,17265.135966934,4625661.14257813,11727.1379865153
3115,Buchs SG,9470,9470,SG,17,3271,0,0,0,13965,0,0,38109470.6503906,46466.4113748612,17628626.2814941,31607.7997809819
3116,Grabs,9472,9472,SG,17,3273,0,0,0,6045,0,0,113919681.235352,56980.1115714411,52681085.0534668,38762.697745466
3117,Gams,9473,9473,SG,17,3272,0,0,0,3549,0,0,47968381.8232422,34882.6523968626,22146365.9418945,23710.5010174566
3118,Sevelen,9475,9475,SG,17,3275,0,0,0,4970,0,0,63415930.3398438,43776.1669641176,29368582.9055176,29794.6299696623
3119,Weite,9476,9476,SG,17,3276,0,0,0,1375,0,0,16504242.621582,19182.913158836,7652122.6015625,13059.5614075603
3120,Trübbach,9477,9477,SG,17,3276,0,0,0,1449,0,0,4526987.53271484,11398.3960828179,2100614.18945313,7766.25784003144
3121,Azmoos,9478,9478,SG,17,3276,0,0,0,1672,0,0,45199664.0029297,42052.3323571473,20964150.0214844,28640.2447875776
3122,Malans SG,9479,9479,SG,17,3276,0,0,0,859,0,0,23409645.706543,22536.9461705009,10852688.296875,15345.2575674927
3123,Nendeln,9485,9485,FL,,7007,0,0,0,0,0,0,10679158.168457,18396.0205127833,4933063.76098633,12505.7697308597
3124,Schaanwald,9486,9486,FL,,7008,0,0,0,0,0,0,9130080.08544922,17242.2291325996,4215766.15673828,11717.9965442285
3125,Gamprin-Bendern,9487,9487,FL,,7009,0,0,0,0,0,0,13333367.574707,28393.5987958434,6156346.15942383,19292.4154214426
3126,Schellenberg,9488,9488,FL,,7011,0,0,0,0,0,0,7839848.92822266,19288.1487820422,3616049.94995117,13098.6393149109
3127,Vaduz,9490,9490,FL,,7001,0,0,0,0,0,0,24102099.7158203,27107.0864647807,11154852.5678711,18440.0271541346
3128,Ruggell,9491,9491,FL,,7010,0,0,0,0,0,0,15875715.3374023,25029.6862946279,7320408.9050293,16990.7268864838
3129,Eschen,9492,9492,FL,,7007,0,0,0,0,0,0,11146017.965332,17038.2225011442,5146575.00244141,11576.1048946336
3130,Mauren FL,9493,9493,FL,,7008,0,0,0,0,0,0,7655423.27783203,13801.0030847049,3533511.28076172,9375.63240733448
3131,Schaan Betriebszentrum,9494,9494,FL,,7005,0,1,0,0,0,0,37033547.5800781,31856.1677228147,17121307.1721191,21664.5481658415
3132,Triesen,9495,9495,FL,,7002,0,0,0,0,0,0,46443310.7075195,38134.8616348494,21544252.6713867,25965.4798824125
3133,Balzers,9496,9496,FL,,7003,0,0,0,0,0,0,22254327.3579102,23559.0273907012,10330041.2653809,16051.7913079242
3134,Triesenberg,9497,9497,FL,,7004,0,0,0,0,0,0,133361485.143066,59890.8468930154,61790351.9572754,40755.2681797256
3135,Planken,9498,9498,FL,,7006,0,0,0,0,0,0,8059413.54541016,13810.9869434385,3725058.18383789,9389.9225176736
3136,Wil SG 1,9500,9500,SG,17,3427,0,3,0,18898,15.8747,0,18123667.3823242,25102.5361955263,8289462.96533203,16979.9044211923
3137,Braunau,9502,9502,TG,20,4723,0,0,0,804,0,0,20014160.3764648,25072.238886687,9139672.54541016,16945.550740889
3138,Lanterswil,9503,9503,TG,20,4921,0,0,0,213,0,0,4394260.9921875,11418.803117245,2005482.13793945,7712.92920976219
3139,Friltschen,9504,9504,TG,20,4921,0,0,0,265,0,0,4853418.21484375,11400.8448286694,2213789.86865234,7700.01338216497
3140,Lommis,9506,9506,TG,20,4741,0,0,0,795,0,0,10699613.4233398,15641.9432532768,4884290.6328125,10568.8590755688
3141,Stettfurt,9507,9507,TG,20,4606,0,0,0,1171,0,0,12308565.7973633,20059.3347772904,5616495.15356445,13552.1802223414
3142,Weingarten-Kalthäusern,9508,9508,TG,20,4741,0,0,0,443,0,0,8047886.88964844,16828.0718787596,3672118.97607422,11368.6114705929
3143,Rossrüti,9512,9512,SG,17,3427,0,0,0,1168,0,0,13088741.8085938,16756.2269830682,5982170.08447266,11330.4247124316
3144,Wuppenau,9514,9514,TG,20,4791,0,0,0,685,0,0,15272409.921875,21031.1441268695,6976172.87158203,14214.8086951372
3145,Hosenruck,9515,9515,TG,20,4791,0,0,0,461,0,0,11386046.3032227,19095.4441924635,5202052.61987305,12908.081045724
3146,Mettlen,9517,9517,TG,20,4921,0,1,0,541,184.84288,0,10231467.9511719,18854.1178442164,4667096.60986328,12733.3294791139
3147,Züberwangen,9523,9523,SG,17,3426,0,0,0,1264,0,0,7383558.53613281,15152.9028369766,3376702.60693359,10253.6784519147
3148,Zuzwil SG,9524,9524,SG,17,3426,0,0,0,3552,0,0,12305167.0722656,20364.0444803399,5625486.7019043,13773.9306395758
3149,Lenggenwil,9525,9525,SG,17,3423,0,0,0,788,0,0,11189702.8652344,18725.0202952571,5116242.71655273,12663.9541290864
3150,Zuckenriet,9526,9526,SG,17,3423,0,1,0,1034,96.7118,0,9263321.98925781,19303.802870484,4232955.16723633,13045.2274385703
3151,Niederhelfenschwil,9527,9527,SG,17,3423,0,0,0,1297,0,0,14694562.0087891,18287.7536922644,6716900.10009766,12365.0416800523
3152,Rickenbach b. Wil,9532,9532,TG,20,4751,0,0,0,2709,0,0,3053798.37988281,12135.087532046,1397607.38427734,8208.90034180726
3153,Kirchberg SG,9533,9533,SG,17,3392,0,0,0,3475,0,0,41360420.3901367,37613.3551689903,18947411.760498,25458.3015588664
3154,Gähwil,9534,9534,SG,17,3392,0,0,0,982,0,0,24822332.6181641,25120.1836865206,11382398.3242188,17007.8489786267
3155,Wilen b. Wil,9535,9535,TG,20,4786,0,1,0,2545,39.29273,0,5186955.31201172,14620.606570652,2373774.93823242,9891.39215280414
3156,Schwarzenbach SG,9536,9536,SG,17,3405,0,0,0,1934,0,0,8439841.18164063,13979.3071734355,3863337.99511719,9458.61766775713
3157,Münchwilen TG,9542,9542,TG,20,4746,0,1,0,4503,22.20742,0,9177557.43945313,18310.4477442153,4194975.54931641,12381.7559985601
3158,St. Margarethen TG,9543,9543,TG,20,4746,0,0,0,1060,0,0,4856326.78955078,9730.66833031907,2218845.53295898,6576.04717110407
3159,Wängi Zustellung,9545,9545,TG,20,4781,0,0,0,4220,0,0,25005343.5307617,30023.8755379822,11421258.1113281,20295.3454565378
3160,Tuttwil,9546,9546,TG,20,4781,0,0,0,560,0,0,11039309.3334961,16666.8463642678,5045695.02050781,11269.1653787604
3161,Wittenwil,9547,9547,TG,20,4551,0,0,0,464,0,0,7279989.64941406,14234.4299441605,3324629.11474609,9622.29752855834
3162,Matzingen,9548,9548,TG,20,4591,0,0,0,2900,0,0,18401137.0537109,23220.2260630646,8396480.71948242,15684.6319321517
3163,Bronschhofen,9552,9552,SG,17,3427,0,0,0,3786,0,0,15311283.0288086,19792.1674244129,6998148.58984375,13383.8219053227
3164,Bettwiesen,9553,9553,TG,20,4716,0,0,0,1247,0,0,8562679.08691406,17360.1077865077,3911215.75073242,11734.966422581
3165,Tägerschen,9554,9554,TG,20,4776,0,0,0,686,0,0,6585064.8671875,14848.1731850378,3006935.65820313,10037.1401229075
3166,Tobel,9555,9555,TG,20,4776,0,1,0,1002,99.8004,0,9891174.98339844,20168.6227495689,4514781.39794922,13633.5591625459
3167,Zezikon,9556,9556,TG,20,4711,0,0,0,1171,0,0,10802873.4658203,21180.2695645895,4928529.98168945,14305.7436813967
3168,Buch b. Märwil,9562,9562,TG,20,4711,0,0,0,1226,0,0,15022597.0151367,21925.1383333098,6853036.79785156,14809.3792246537
3169,Rothenhausen,9565,9565,TG,20,4921,0,1,0,1333,75.01875,0,19903869.7885742,28766.7798998957,9073935.99194336,19429.2889683396
3170,Littenheid,9573,9573,TG,20,4761,0,0,0,121,0,0,5474499.74658203,10322.3732131227,2505885.78369141,6983.96299176673
3171,Lütisburg Station,9601,9601,SG,17,3393,0,0,0,502,0,0,8672871.8359375,14188.8693330909,3978812.56445313,9610.48422094608
3172,Bazenheid Zustellung,9602,9602,SG,17,3392,0,2,0,4730,42.2833,0,23255973.6401367,33789.9340808832,10660449.3146973,22878.6013560218
3173,Oberrindal,9604,9604,SG,17,3393,0,0,0,1475,0,0,29577428.0439453,34143.8904797588,13560537.3200684,23124.1581115077
3174,Bütschwil,9606,9606,SG,17,3395,0,0,0,2942,0,0,13585327.0585938,26958.271675425,6238441.61279297,18271.3641970223
3175,Mosnang,9607,9607,SG,17,3394,0,0,0,1795,0,0,23383041.5751953,23642.9118283072,10736358.6032715,16016.9546579887
3176,Ganterschwil,9608,9608,SG,17,3395,0,0,0,1216,0,0,18491641.0478516,27225.8982014851,8485654.89355469,18442.1714179016
3177,Dreien,9612,9612,SG,17,3394,0,0,0,426,0,0,25904996.3115234,32284.4369314676,11896041.2595215,21874.179120954
3178,Mühlrüti,9613,9613,SG,17,3394,0,0,0,432,0,0,27156386.4516602,25880.3377382987,12464986.6237793,17533.2796968246
3179,Libingen,9614,9614,SG,17,3394,0,0,0,352,0,0,31986902.6376953,29839.1034191547,14706891.6391602,20237.7586508251
3180,Dietfurt,9615,9615,SG,17,3395,0,0,0,578,0,0,11603520.1201172,22344.4892704008,5332316.44165039,15148.7895123205
3181,Lichtensteig,9620,9620,SG,17,3374,0,0,0,2519,0,0,21276091.5126953,34353.2391486984,9783805.078125,23300.643540042
3182,Oberhelfenschwil,9621,9621,SG,17,3375,0,0,0,1011,0,0,18425188.1333008,25602.1517325761,8463377.28344727,17349.3050999814
3183,Krinau,9622,9622,SG,17,3379,0,0,0,305,0,0,13593871.9194336,22096.113950621,6251303.6237793,14985.3101915323
3184,Wattwil Zustellung,9630,9630,SG,17,3379,0,1,0,6690,14.94768,0,62254235.5048828,54946.6689934322,28653997.2790527,37290.2384539064
3185,Ulisbach,9631,9631,SG,17,3379,0,1,0,1137,87.95075,0,8681484.27001953,15306.7534525717,3997162.51147461,10390.7141197405
3186,Hemberg,9633,9633,SG,17,3372,0,0,0,1022,0,0,50619041.2729492,48030.0849327021,23298738.6320801,32598.5629001306
3187,Ebnat-Kappel,9642,9642,SG,17,3352,0,0,0,5201,0,0,94200657.1337891,56951.2119638997,43437457.4973145,38669.65333803
3188,Krummenau,9643,9643,SG,17,3360,0,0,0,562,0,0,16927961.9370117,28857.7307030711,7801893.43286133,19594.1602424401
3189,Nesslau,9650,9650,SG,17,3360,0,1,0,1756,56.94761,0,77841983.7626953,50805.7016994636,35937852.4528809,34521.3260506338
3190,Ennetbühl,9651,9651,SG,17,3360,0,0,0,476,0,0,68530728.4008789,46107.385673741,31599967.5849609,31319.0815471282
3191,Neu St. Johann,9652,9652,SG,17,3360,0,0,0,726,0,0,7389272.96777344,14718.379318755,3407681.59521484,9989.78605011168
3192,Stein SG,9655,9655,SG,17,3360,0,0,0,391,0,0,26519393.6635742,28034.4021215182,12248188.5085449,19051.1641930447
3193,Alt St. Johann,9656,9656,SG,17,3359,0,0,0,720,0,0,71665218.918457,43199.5031419059,33129389.7497559,29370.9722178049
3194,Unterwasser,9657,9657,SG,17,3359,0,0,0,805,0,0,42830367.2631836,43979.37371556,19785518.7067871,29890.9284139037
3195,Wildhaus,9658,9658,SG,17,3359,0,0,0,1309,0,0,75169266.1103516,45584.2606219188,34698567.7966309,30974.0054864503
1,Lausanne,1000,1000,VD,22,5586,0,6,0,3014,199.071,0,24439962.6513672,28430.2256180777,11557607.7307129,19544.9477844146
2,Lausanne,1003,1000,VD,22,5586,0,6,0,7230,82.98755,0,1623471.23999023,8055.83970189205,768998.943603516,5546.76512555287
3,Lausanne,1004,1000,VD,22,5586,0,19,0,31050,61.19163,0,4855422.69604492,11908.0767584013,2299169.51708984,8194.34489943705
4,Lausanne,1005,1000,VD,22,5586,0,11,0,10047,109.48542,0,3292204.84130859,13467.544452713,1559363.86010742,9268.89329578929
5,Lausanne,1006,1000,VD,22,5586,0,10,0,15749,63.49609,0,14198246.1176758,25763.370542067,6732097.16040039,17725.8109105145
6,Lausanne,1007,1000,VD,22,5586,0,9,0,24117,37.31807,0,52542331.1352539,35496.0494488784,24917370.703125,24428.8733177008
7,Prilly,1008,1000,VD,22,5589,1,3,0.333333333333333,14023,21.39343,7.13114,9039797.43798828,17503.6555922685,4278058.37597656,12035.3987043204
8,Pully,1009,1000,VD,22,5590,0,4,0,18327,21.82572,0,31337237.3684082,29597.3442943855,14861054.2504883,20363.5531661636
9,Lausanne,1010,1000,VD,22,5586,0,2,0,14670,13.63327,0,5293818.34838867,13044.8934941855,2505956.98193359,8975.95636262547
10,Lausanne,1011,1000,VD,22,5586,0,0,0,281,0,0,265568.194824219,2267.12109472574,125769.687255859,1560.32585921501
11,Lausanne,1012,1000,VD,22,5586,0,7,0,11332,61.77197,0,4429319.46875,11185.1464877655,2097559.5,7696.90913041006
12,Lausanne,1015,1000,VD,22,5635,0,0,0,0,0,0,2679076.67138672,10816.8073082115,1269034.24707031,7443.54228478248
13,Lausanne,1018,1000,VD,22,5586,0,1,0,20588,4.8572,0,7161302.234375,14870.5441899473,3389929.23852539,10227.3126937947
14,Renens VD 1 Distribution,1020,1020,VD,22,5591,0,2,0,20548,9.73331,0,6201646.9206543,11839.9924709632,2935929.08691406,8146.29383127708
15,Chavannes-près-Renens,1022,1022,VD,22,5627,0,3,0,8231,36.44758,0,3252103.61132813,10203.1502903929,1539984.21313477,7019.49804648743
16,Crissier 1,1023,1023,VD,22,5583,0,5,0,7530,66.40106,0,11075019.7207031,16556.8797769868,5239005.12792969,11385.2182320068
17,Ecublens VD,1024,1024,VD,22,5635,0,3,0,13459,22.28992,0,10324015.3452148,21193.6635162389,4888726.05712891,14586.5588956574
18,St-Sulpice VD,1025,1025,VD,22,5648,0,3,0,4637,64.697,0,50082055.8044434,30044.2797029157,23752369.8728027,20680.7803480574
19,Echandens-Denges,1026,1026,VD,22,5633,0,3,0,4304,69.7026,0,11599443.3659668,19317.5875113147,5491427.72167969,13288.7034211475
20,Lonay,1027,1027,VD,22,5638,0,0,0,2684,0,0,7845952.93969727,13355.935359025,3715101.14575195,9189.8303077256
21,Préverenges,1028,1028,VD,22,5643,0,1,0,5217,19.1681,0,20892012.5939941,25997.6647827092,9904715.16430664,17885.0460738388
22,Villars-Ste-Croix,1029,1029,VD,22,5651,0,0,0,963,0,0,3500910.28979492,9250.43714352234,1655419.48999023,6360.49637449975
23,Bussigny,1030,1030,VD,22,5624,0,3,0,8747,34.29747,0,10182330.3322754,16598.9212927694,4817248.86108398,11417.2952865847
24,Mex VD,1031,1031,VD,22,5489,0,0,0,733,0,0,6059004.20385742,13254.9462996736,2864013.32348633,9112.74554177572
25,Romanel-sur-Lausanne,1032,1032,VD,22,5592,0,0,0,3595,0,0,12184100.9506836,19935.6196586996,5761618.32641602,13707.0434659533
26,Cheseaux-sur-Lausanne,1033,1033,VD,22,5582,0,4,0,4564,87.64242,0,13571631.8764648,18465.0290041328,6413921.36010742,12692.2573651081
27,Boussens,1034,1034,VD,22,5473,0,0,0,970,0,0,6698830.97583008,11773.6140737155,3163393.89428711,8086.92393110397
28,Bournens,1035,1035,VD,22,5472,0,0,0,404,0,0,8249407.44042969,13657.9965630696,3894792.61376953,9385.72396850665
29,Sullens,1036,1036,VD,22,5501,0,0,0,1051,0,0,8252260.58666992,15615.879675086,3898690.24316406,10734.0380428113
30,Etagnières,1037,1037,VD,22,5521,0,0,0,1117,0,0,7994194.62207031,12310.5045751181,3775372.35571289,8461.06427277005
31,Bercher,1038,1038,VD,22,5512,0,1,0,1258,79.49126,0,9027930.89404297,15208.4087423784,4249348.98291016,10428.84490992
32,St-Barthélemy VD,1040,1040,VD,22,5535,0,1,0,7765,12.8783,0,37771070.1140137,45324.8445850098,17807956.416748,31116.6324033786
33,Poliez-le-Grand,1041,1041,VD,22,5540,0,1,0,3609,27.70851,0,49078923.4802246,42465.8367679394,23152810.262207,29159.7335960179
34,Bioley-Orjulaz,1042,1042,VD,22,5513,0,0,0,2156,0,0,25862523.0080566,30970.1421854574,12205439.6418457,21279.0193451622
35,Sugnens,1043,1043,VD,22,5540,0,0,0,427,0,0,5676948.13891602,10236.2806154668,2675752.79394531,7029.1158202779
36,Fey,1044,1044,VD,22,5522,0,0,0,746,0,0,15607256.8706055,19077.0327503426,7351323.51611328,13092.0001841782
37,Ogens,1045,1045,VD,22,5680,0,0,0,318,0,0,7432329.51025391,13366.5905367674,3496043.93530273,9167.19806707489
38,Rueyres,1046,1046,VD,22,5534,0,0,0,255,0,0,4342478.56884766,10526.8691929092,2043517.5378418,7215.41487920471
39,Oppens,1047,1047,VD,22,5923,0,1,0,204,490.19608,0,7645359.38842773,15261.2409576166,3595449.23925781,10462.9920787992
40,Le Mont-sur-Lausanne Dist,1052,1052,VD,22,5587,0,1,0,8277,12.08167,0,25399796.4040527,27330.6159468808,12012985.9614258,18791.5273802579
41,Bretigny-sur-Morrens,1053,1053,VD,22,5515,0,0,0,3764,0,0,22818736.7929688,26856.1527166354,10781054.0302734,18455.8314323698
42,Morrens VD,1054,1054,VD,22,5527,0,1,0,1099,90.99181,0,7632874.83544922,14574.0313224351,3605917.12133789,10012.3693374665
43,Froideville,1055,1055,VD,22,5523,0,0,0,2543,0,0,14898914.9240723,17910.0508525705,7036988.79663086,12307.3097827863
44,Villars-Tiercelin,1058,1058,VD,22,5804,0,0,0,489,0,0,10670797.5095215,17719.0910540737,5035972.19702148,12167.4753352353
45,Peney-le-Jorat,1059,1059,VD,22,5804,0,0,0,443,0,0,9495887.84399414,15432.3906587886,4479758.33764648,10595.0233004714
46,Villars-Mendraz,1061,1061,VD,22,5804,0,0,0,282,0,0,3269387.36328125,9456.68672196112,1541517.90209961,6492.23321441805
47,Sottens,1062,1062,VD,22,5804,0,0,0,345,0,0,9333405.36083984,15428.3037873074,4399319.21875,10595.942483401
48,Peyres-Possens,1063,1063,VD,22,5693,0,0,0,1128,0,0,23211904.8215332,28770.6342232601,10934198.4560547,19743.8024381569
49,Epalinges,1066,1066,VD,22,5584,0,1,0,9535,10.48768,0,9682464.71459961,15758.1418165874,4581177.37841797,10838.8221827131
50,Les Monts-de-Pully,1068,1068,VD,22,5590,0,0,0,134,0,0,4629372.65917969,10712.5238745328,2191666.24291992,7371.03775807861
51,Puidoux,1070,1070,VD,22,5607,0,1,0,3064,32.63708,0,67746582.0612793,58092.9702444769,32120207.5559082,39987.0437543041
52,Chexbres,1071,1071,VD,22,5601,0,2,0,2948,67.84261,0,28369046.8413086,29950.2689643289,13466284.5449219,20623.2701081227
53,Forel (Lavaux),1072,1072,VD,22,5604,0,0,0,2203,0,0,38848823.9702148,33853.460626939,18389670.6687012,23291.8297826376
54,Savigny,1073,1073,VD,22,5611,0,0,0,3453,0,0,33822428.7180176,28668.2475699965,16003943.7451172,19717.4630807422
55,Ferlens VD,1076,1076,VD,22,5806,0,0,0,362,0,0,4621825.00146484,11465.7477512738,2183707.02197266,7879.99705892259
56,Servion,1077,1077,VD,22,5799,0,0,0,1213,0,0,8626591.86425781,14099.2549887703,4078134.55151367,9693.6774616389
57,Essertes,1078,1078,VD,22,5788,0,0,0,325,0,0,3538625.48291016,9614.2022800842,1673426.62695313,6611.44433912687
58,Les Cullayes,1080,1080,VD,22,5799,0,0,0,791,0,0,4755163.0546875,8855.95965590815,2248036.84643555,6088.91426655723
59,Montpreveyres,1081,1081,VD,22,5792,0,0,0,663,0,0,8654961.24243164,18395.0451628747,4090424.88623047,12644.6516532552
60,Corcelles-le-Jorat,1082,1082,VD,22,5785,0,0,0,454,0,0,16897309.125,20875.2146562226,7979956.53125,14339.8112328371
61,Mézières VD,1083,1083,VD,22,5806,0,1,0,1303,76.74597,0,7400609.56542969,13408.0316436428,3496857.62744141,9214.14925507889
62,Carrouge VD,1084,1084,VD,22,5806,0,0,0,1245,0,0,11565392.480957,21856.2422703739,5461640.31787109,15017.095300426
63,Vulliens,1085,1085,VD,22,5803,0,0,0,591,0,0,13961669.1606445,21942.3118855695,6588378.4777832,15062.3241668747
64,Ropraz,1088,1088,VD,22,5798,0,0,0,499,0,0,10150976.65625,19167.8901692188,4792227.10620117,13162.9221297482
65,La Croix (Lutry),1090,1090,VD,22,5606,0,2,0,1340,149.25373,0,9518770.53393555,15516.0197768757,4508607.99023438,10678.4495190417
66,Grandvaux,1091,1091,VD,22,5613,0,0,0,3071,0,0,11988251.6179199,16481.9311935297,5681780.30688477,11342.1776955019
67,Belmont-sur-Lausanne,1092,1092,VD,22,5581,0,1,0,3646,27.42732,0,5582916.37133789,13425.7704191732,2643882.52416992,9239.62898662755
68,La Conversion,1093,1093,VD,22,5606,0,5,0,2705,184.84288,0,2077683.82128906,7598.2884372705,984375.876953125,5232.94652054735
69,Paudex,1094,1094,VD,22,5588,0,1,0,1658,60.31363,0,8168965.58642578,20601.3688704599,3874789.50317383,14169.5827957814
70,Lutry,1095,1095,VD,22,5606,0,6,0,6165,97.3236,0,23775677.6977539,24291.1279098895,11275168.6442871,16713.619974246
71,Cully,1096,1096,VD,22,5613,0,1,0,1860,53.76344,0,41444991.576416,29421.66628788,19666728.1257324,20261.1096455057
72,Riex,1097,1097,VD,22,5613,0,0,0,272,0,0,2833576.79272461,8311.8856302236,1343163.43847656,5718.69212807918
73,Epesses,1098,1098,VD,22,5613,0,0,0,316,0,0,3381043.20532227,11324.5393915537,1602918.19091797,7793.94097734494
74,Morges 1,1110,1110,VD,22,5642,0,1,0,15976,6.25939,0,29272938.2685547,29650.7428689331,13878493.0300293,20402.7994738028
75,Echichens,1112,1112,VD,22,5634,0,0,0,1385,0,0,5464342.27294922,12428.8104537254,2587355.74145508,8552.33755404373
76,St-Saphorin-sur-Morges,1113,1113,VD,22,5634,0,0,0,598,0,0,8001561.45019531,13553.2188807547,3786517.65844727,9321.41137506413
77,Colombier VD,1114,1114,VD,22,5634,0,0,0,576,0,0,11083822.2348633,15021.1120175034,5243381.4152832,10331.4802841437
78,Vullierens,1115,1115,VD,22,5654,0,0,0,510,0,0,14569771.4396973,18939.4205304149,6887837.63549805,13020.0308948724
79,Cottens VD,1116,1116,VD,22,5478,0,0,0,491,0,0,4980548.73876953,13327.4141516474,2354469.38964844,9159.6149101185
80,Grancy,1117,1117,VD,22,5485,0,0,0,411,0,0,12190685.1984863,16019.4601061929,5758836.70849609,11009.0158175096
81,Bremblens,1121,1121,VD,22,5622,0,0,0,554,0,0,6002421.95898438,12696.8737205303,2840258.19848633,8733.5353146761
82,Romanel-sur-Morges,1122,1122,VD,22,5645,0,0,0,457,0,0,3740393.38427734,11122.2086359209,1769376.56835938,7650.20264951799
83,Aclens,1123,1123,VD,22,5621,0,0,0,541,0,0,8086832.02368164,15191.5553367528,3823765.39379883,10445.7954183044
84,Gollion,1124,1124,VD,22,5484,0,0,0,937,0,0,11544372.6831055,16731.3010859174,5455066.13476563,11499.9572400503
85,Monnaz,1125,1125,VD,22,5634,0,0,0,390,0,0,3472710.22900391,9864.70745757855,1644172.80664063,6784.30305601734
86,Vaux-sur-Morges,1126,1126,VD,22,5650,0,0,0,194,0,0,4427481.05200195,10471.9900920413,2095778.91699219,7204.94289921542
87,Clarmont,1127,1127,VD,22,5629,0,0,0,167,0,0,2235447.50048828,8021.24346800645,1057761.94555664,5514.18937528601
88,Reverolle,1128,1128,VD,22,5644,0,0,0,440,0,0,2507178.07592773,8847.12717077994,1186653.61474609,6084.89044138196
89,Tolochenaz,1131,1131,VD,22,5649,0,1,0,1892,52.85412,0,11773948.0898438,22319.8121243813,5584532.21484375,15361.7476146198
90,Lully VD,1132,1132,VD,22,5639,0,1,0,788,126.90355,0,3401257.1706543,8670.60332335846,1611933.03637695,5969.11559891763
91,Vufflens-le-Château,1134,1134,VD,22,5653,0,1,0,1196,83.61204,0,6319388.32128906,13883.9468422849,2993027.75439453,9554.2352211334
92,Denens,1135,1135,VD,22,5631,0,2,0,758,263.85224,0,6967802.36108398,11667.1284590802,3300835.89086914,8033.25688507589
93,Bussy-Chardonney,1136,1136,VD,22,5625,0,0,0,384,0,0,6565256.06347656,12418.4630760541,3108574.93994141,8546.99938208615
94,Sévery,1141,1141,VD,22,5500,0,0,0,235,0,0,5075182.92700195,12027.2507675676,2399545.48681641,8265.65028640638
95,Pampigny,1142,1142,VD,22,5494,0,1,0,1127,88.73114,0,23399864.3039551,23337.0090973354,11057049.4682617,16039.9782850042
96,Apples,1143,1143,VD,22,5421,0,1,0,1473,67.88866,0,27032050.0483398,26723.6909333129,12788072.4277344,18379.0547469933
97,Ballens,1144,1144,VD,22,5423,0,0,0,556,0,0,18098731.0202637,22521.0440450301,8562419.67089844,15489.0158974842
98,Bière,1145,1145,VD,22,5425,0,1,0,1609,62.1504,0,54011913.5112305,38866.3607136743,25558701.4746094,26742.4219268763
99,Mollens VD,1146,1146,VD,22,5431,0,1,0,297,336.70034,0,23138193.3171387,23524.1125336056,10936564.6433105,16182.4979302544
100,Montricher,1147,1147,VD,22,5492,0,1,0,965,103.62694,0,55334473.0026855,35893.8832814248,26130906.7612305,24680.7542849139
101,L'Isle,1148,1148,VD,22,5486,0,3,0,2668,112.44378,0,121410621.278564,65406.5026500075,57253134.6494141,44920.7939101609
102,Berolle,1149,1149,VD,22,5424,0,1,0,323,309.59752,0,20406694.6479492,23379.7369784249,9649066.94604492,16081.7992047745
103,St-Prex Distribution,1162,1162,VD,22,5646,0,5,0,5789,86.3707,0,54092818.121582,33499.5108701827,25670835.484375,23074.0081730646
104,Etoy,1163,1163,VD,22,5636,0,2,0,2560,78.125,0,10320221.1176758,16245.2111093214,4894957.71728516,11189.3891034806
105,Buchillon,1164,1164,VD,22,5623,0,0,0,1012,0,0,44264336.697998,28136.3821944367,21022738.4086914,19386.7219714271
106,Allaman,1165,1165,VD,22,5851,0,1,0,479,208.76827,0,24513071.2907715,29543.0937678556,11644983.6899414,20350.3437330595
107,Perroy,1166,1166,VD,22,5860,0,2,0,1515,132.0132,0,33525497.6506348,30958.2637030512,15925640.1086426,21318.2730703219
108,Lussy-sur-Morges,1167,1167,VD,22,5640,0,0,0,685,0,0,4974692.58398438,9391.24305511958,2358065.03588867,6466.39593366597
109,Villars-sous-Yens,1168,1168,VD,22,5652,0,0,0,625,0,0,6394796.58203125,13828.7360739045,3030559.49365234,9518.58539221509
110,Yens,1169,1169,VD,22,5655,0,3,0,1442,208.04438,0,20111319.6418457,23321.9976447553,9523906.46118164,16051.8645262908
111,Aubonne,1170,1170,VD,22,5422,0,0,0,3328,0,0,15560742.5754395,22580.9153082263,7378667.63696289,15548.2999678141
112,Bougy-Villars,1172,1172,VD,22,5426,0,0,0,549,0,0,4034940.74267578,12064.7673042436,1913834.10571289,8308.05015734538
113,Féchy,1173,1173,VD,22,5427,0,4,0,848,471.69811,0,5633209.27612305,11597.2296031429,2672379.80419922,7985.32848212047
114,Montherod,1174,1174,VD,22,5432,0,0,0,513,0,0,15222125.8974609,19369.5179271077,7215292.80151367,13336.5995368957
115,Lavigny,1175,1175,VD,22,5637,0,1,0,1003,99.7009,0,7871284.24658203,12678.8713399984,3731014.54223633,8729.23568077683
116,St-Livres,1176,1176,VD,22,5435,0,1,0,645,155.03876,0,16026328.3566895,20778.9941008888,7592053.43676758,14302.4446469669
117,Rolle Distribution,1180,1180,VD,22,5861,0,2,0,7178,27.86291,0,34520273.6186523,35913.2691470388,16397697.3745117,24739.4747179267
118,Gilly,1182,1182,VD,22,5857,0,0,0,1206,0,0,13438596.4958496,18437.9545553069,6378919.6496582,12701.8216867028
119,Bursins,1183,1183,VD,22,5853,0,0,0,800,0,0,4920983.56030273,12417.6474582177,2337171.02734375,8553.95684432857
120,Luins,1184,1184,VD,22,5858,0,0,0,970,0,0,7341896.50463867,14424.7824900341,3487592.53710938,9936.72665580831
121,Mont-sur-Rolle,1185,1185,VD,22,5859,0,2,0,2309,86.61758,0,8099864.59985352,16068.3363866087,3843048.89233398,11065.0543381237
122,Essertines-sur-Rolle,1186,1186,VD,22,5856,0,0,0,551,0,0,13780444.4130859,21638.6201758404,6535933.71875,14906.0199763057
123,St-Oyens,1187,1187,VD,22,5436,0,0,0,425,0,0,6446353.40380859,13531.419447076,3056342.71044922,9319.8524369508
124,Gimel,1188,1188,VD,22,5428,0,0,0,3247,0,0,65671798.5065918,40348.1367869493,31101770.8564453,27769.7610038904
125,Saubraz,1189,1189,VD,22,5437,0,0,0,420,0,0,7752912.5859375,14876.7016148059,3672583.62011719,10239.2212282847
126,Dully,1195,1195,VD,22,5855,0,0,0,1143,0,0,28635076.2331543,28036.2800157497,13612378.7211914,19327.5137350426
127,Gland Distribution,1196,1196,VD,22,5721,0,6,0,13038,46.01933,0,36232414.7575684,28202.7336564848,17231805.0495605,19447.9086666069
128,Prangins,1197,1197,VD,22,5725,0,1,0,4053,24.67308,0,24346921.6037598,22530.0299662042,11586897.1318359,15540.8333737211
129,Genève,1201,1200,GE,25,6621,1,4,0.25,21954,18.21991,4.55498,3683713.70410156,10051.2444066436,1764831.49853516,6959.00659893981
130,Genève,1202,1200,GE,25,6621,0,6,0,31340,19.14486,0,9278114.17749023,20912.3518913708,4443414.34106445,14473.5963966878
131,Genève,1203,1200,GE,25,6621,0,5,0,35483,14.09125,0,4262852.77612305,8505.9650411449,2042523.60864258,5889.32729182096
132,Genève,1204,1200,GE,25,6621,0,0,0,5065,0,0,1970886.27001953,6898.29922607057,944516.173095703,4776.59277185081
133,Genève,1205,1200,GE,25,6621,0,4,0,35572,11.2448,0,3734655.14746094,11499.2786987523,1790184.42651367,7962.11013171129
134,Genève,1206,1200,GE,25,6621,0,2,0,21489,9.30709,0,3853315.41333008,10807.5059405887,1847521.73486328,7479.42007013362
135,Genève,1207,1200,GE,25,6621,0,7,0,17956,38.98418,0,3902274.71313477,9150.37484049695,1869837.48242188,6335.5698942623
136,Genève,1208,1200,GE,25,6621,0,0,0,13852,0,0,2389655.51879883,8720.60072905474,1145374.59204102,6037.32090006897
137,Genève,1209,1200,GE,25,6621,0,0,0,9346,0,0,2306171.88208008,8623.92650521827,1104430.53979492,5969.80131330846
138,Grand-Lancy,1212,1212,GE,25,6628,0,3,0,15601,19.22954,0,5426678.38818359,16585.3921809854,2602995.31494141,11486.8506693142
139,Petit-Lancy 1,1213,1213,GE,25,6628,0,4,0,34593,11.56303,0,11462063.9807129,16298.9091561489,5495637.74487305,11287.2216002036
140,Vernier,1214,1214,GE,25,6643,0,0,0,8421,0,0,10235943.0908203,17681.6176767604,4903399.89257813,12242.6820793646
141,Genève ICC OLS,1215,1217,GE,25,6630,0,0,0,12,0,0,5694593.48828125,13738.6662543246,2725898.93701172,9503.9119830085
142,Cointrin,1216,1216,GE,25,6630,0,0,0,2544,0,0,1576078.78173828,7174.88144177714,754718.729736328,4965.9597161172
143,Meyrin,1217,1217,GE,25,6630,0,1,0,23125,4.32432,0,16226243.8549805,17678.7479739627,7767229.18066406,12233.2372230954
144,Le Grand-Saconnex,1218,1218,GE,25,6623,0,3,0,11846,25.325,0,6146610.93676758,11769.8449201318,2942302.46313477,8141.72079047848
145,Le Lignon Distribution,1219,1219,GE,25,6643,0,1,0,20338,4.9169,0,7881614.19067383,13139.4241151927,3776584.8059082,9093.63744501594
146,Les Avanchets,1220,1220,GE,25,6643,0,0,0,5402,0,0,446112.735595703,2656.96637002383,213651.643066406,1839.45507986405
147,Vésenaz,1222,1222,GE,25,6616,0,2,0,5319,37.60105,0,10958005.498291,20550.3567656965,5243234.40698242,14215.9222763572
148,Cologny,1223,1223,GE,25,6617,0,3,0,5286,56.75369,0,15497759.4875488,20026.393007621,7421600.03735352,13857.0782929154
149,Chêne-Bougeries,1224,1224,GE,25,6612,0,2,0,10331,19.35921,0,4942888.57250977,11159.6152464399,2369067.57177734,7725.85952558517
150,Chêne-Bourg Distribution,1225,1225,GE,25,6613,0,1,0,8480,11.79245,0,2613118.25244141,9240.31466041504,1252540.75927734,6395.04555492953
151,Thônex,1226,1226,GE,25,6640,0,2,0,13959,14.32767,0,8039805.48681641,17829.6123963098,3853896.97167969,12343.2283010708
152,Carouge GE,1227,1227,GE,25,6608,0,5,0,27170,18.40265,0,7440027.22558594,14848.0289447115,3567892.39819336,10277.8304712964
153,Plan-les-Ouates,1228,1228,GE,25,6633,0,0,0,11436,0,0,11537377.8754883,18106.1659737715,5536826.17895508,12545.3665826574
154,Conches,1231,1231,GE,25,6612,0,0,0,2640,0,0,3743488.24804688,8441.67034441861,1795112.50537109,5844.28460622081
155,Confignon,1232,1232,GE,25,6618,0,0,0,4668,0,0,5631239.40600586,14681.6207218371,2701489.69238281,10166.1163712184
156,Bernex,1233,1233,GE,25,6607,0,1,0,10512,9.51294,0,26839655.8422852,33783.9554832251,12873770.4550781,23392.9648582205
157,Vessy,1234,1234,GE,25,6645,0,0,0,5594,0,0,7602097.07788086,13982.81741084,3646982.98388672,9682.95002597992
158,Cartigny,1236,1236,GE,25,6609,0,0,0,1011,0,0,9564414.20629883,15368.3540850364,4588051.07373047,10645.4448800881
159,Avully,1237,1237,GE,25,6603,0,0,0,1731,0,0,9475194.68798828,15290.4023550007,4546690.42797852,10592.0244142037
160,Collex,1239,1239,GE,25,6615,0,2,0,1563,127.95905,0,13726701.8850098,19216.9741763983,6559740.95629883,13285.0765256363
161,Puplinge,1241,1241,GE,25,6636,0,0,0,2434,0,0,5755069.64086914,11348.0145893156,2757206.33740234,7855.62173692263
162,Satigny,1242,1242,GE,25,6638,0,1,0,4117,24.28953,0,37230938.7331543,32281.7185383641,17834673.4277344,22349.7123242313
163,Presinge,1243,1243,GE,25,6635,0,0,0,740,0,0,9801742.69287109,18401.6335093119,4694623.34594727,12741.3124519221
164,Choulex,1244,1244,GE,25,6614,0,0,0,1133,0,0,8110267.65307617,17341.379114568,3883332.30859375,11999.5027997912
165,Collonge-Bellerive,1245,1245,GE,25,6616,0,0,0,2898,0,0,11446394.1103516,15951.0713200961,5474275.65966797,11031.6750863804
166,Corsier GE,1246,1246,GE,25,6619,0,2,0,2098,95.32888,0,8948689.89355469,17589.7490140655,4278605.54907227,12167.8607820988
167,Anières,1247,1247,GE,25,6602,0,2,0,2335,85.6531,0,18317764.4216309,19907.4688406264,8753493.64135742,13763.3653369368
168,Hermance,1248,1248,GE,25,6625,0,0,0,1042,0,0,10362684.2995605,14550.5425469148,4948741.52246094,10058.481749664
169,Gy,1251,1251,GE,25,6624,0,0,0,450,0,0,6738819.16870117,21872.826023832,3223665.63305664,15128.9859659561
170,Meinier,1252,1252,GE,25,6629,0,0,0,2139,0,0,14542151.1767578,21446.5103386948,6958791.93701172,14836.3931517723
171,Vandoeuvres,1253,1253,GE,25,6642,0,0,0,2387,0,0,9273611.27661133,12955.256259108,4441623.65283203,8964.44405932355
172,Jussy,1254,1254,GE,25,6626,0,1,0,1274,78.49294,0,23803331.7546387,26417.1923358919,11392864.4816895,18277.0822170577
173,Veyrier,1255,1255,GE,25,6645,0,4,0,5850,68.37607,0,6052034.41674805,10788.392275923,2903959.13183594,7472.58990216148
174,Troinex,1256,1256,GE,25,6641,0,1,0,3074,32.5309,0,7148459.72338867,13597.8095982212,3431172.76831055,9424.21816172212
175,La Croix-de-Rozon,1257,1257,GE,25,6605,0,0,0,2301,0,0,10358930.1286621,19960.2991175767,4974120.91210938,13835.3856654389
176,Perly,1258,1258,GE,25,6632,0,0,0,3072,0,0,5930372.12988281,12208.5947625008,2846696.56396484,8457.88446917793
177,Nyon,1260,1260,VD,22,5724,0,6,0,20947,28.64372,0,24023298.9274902,26948.5368958956,11437965.744873,18598.3292703129
178,Marchissy,1261,1261,VD,22,5430,0,1,0,2265,44.15011,0,51827636.2922363,37422.2560754428,24569818.4609375,25761.3554548838
179,Eysins,1262,1262,VD,22,5716,0,1,0,1880,53.19149,0,5234248.82543945,14774.6623926142,2492040.99975586,10194.4900139849
180,Crassier,1263,1263,VD,22,5714,0,2,0,1229,162.73393,0,4256242.90063477,12390.3243033213,2026809.61450195,8548.80339979278
181,St-Cergue,1264,1264,VD,22,5727,0,1,0,2370,42.19409,0,40718149.2443848,34846.5708442057,19336343.579834,24020.8377603443
182,La Cure,1265,1265,VD,22,5727,0,0,0,201,0,0,17211102.6699219,20923.4440473542,8170401.85717773,14414.0030195624
183,Duillier,1266,1266,VD,22,5715,0,1,0,1097,91.1577,0,8611001.60498047,15876.7090421956,4095503.02856445,10951.2077981145
184,Vich,1267,1267,VD,22,5732,0,0,0,1621,0,0,9296042.93652344,19572.8225789016,4418778.30639648,13492.1624588196
185,Burtigny,1268,1268,VD,22,5854,0,5,0,2409,207.555,0,24858081.2958984,28682.0299660386,11800746.4265137,19753.2450991636
186,Bassins,1269,1269,VD,22,5703,0,0,0,1362,0,0,43672970.3825684,40451.1130287292,20710267.0400391,27853.3737026155
187,Trélex,1270,1270,VD,22,5730,0,1,0,1429,69.97901,0,12190766.2380371,17651.7994586479,5796057.11474609,12171.4133347028
188,Givrins,1271,1271,VD,22,5720,0,0,0,1034,0,0,8365779.08496094,18111.7533962567,3975399.80273438,12488.1457978839
189,Genolier,1272,1272,VD,22,5718,0,0,0,1960,0,0,10190416.552002,16541.9581198278,4841936.25073242,11403.1776000316
190,Arzier-Le Muids,1273,1273,VD,22,5702,0,0,0,2728,0,0,101893535.390137,66765.9001623509,48321960.1384277,45982.2089416727
191,Signy-Centre,1274,1274,VD,22,5728,0,0,0,1024,0,0,9317286.51196289,17005.6760365382,4433798.51025391,11730.7013946053
192,Chéserex,1275,1275,VD,22,5709,0,0,0,1274,0,0,22216261.685791,29827.6813154212,10565704.1633301,20572.2776679693
193,Gingins,1276,1276,VD,22,5719,0,0,0,1205,0,0,27327521.140625,37726.3454901296,12989293.1733398,26017.4441147312
194,Borex,1277,1277,VD,22,5706,0,1,0,1305,76.62835,0,8503904.71362305,16607.7830250631,4049379.69946289,11459.3617625163
195,La Rippe,1278,1278,VD,22,5726,0,2,0,1175,170.21277,0,34757275.7045898,35458.1766841836,16532236.0766602,24458.8410552543
196,Chavannes-de-Bogis OLS,1279,1279,VD,22,5707,0,0,0,2154,0,0,11164814.5610352,23199.3394680808,5322415.8034668,16016.3343417164
197,Russin,1281,1281,GE,25,6637,0,0,0,553,0,0,10297186.5847168,17042.1836262436,4936327.98144531,11797.1781055717
198,Dardagny,1283,1283,GE,25,6620,0,0,0,1866,0,0,17791954.9821777,24303.0739084029,8527743.46972656,16824.5769977676
199,Chancy,1284,1284,GE,25,6611,0,0,0,1696,0,0,11037157.0666504,19615.9946333726,5300112.25585938,13590.8146300004
200,Athenaz (Avusy),1285,1285,GE,25,6604,0,0,0,1436,0,0,10870174.9746094,17279.7786818345,5219503.06445313,11978.4521609307
201,Soral,1286,1286,GE,25,6639,0,0,0,854,0,0,6196033.16796875,16932.1465730774,2975279.38696289,11734.4943378074
202,Laconnex,1287,1287,GE,25,6627,0,0,0,701,0,0,8031967.59326172,12839.1209392793,3855402.58227539,8895.88324974686
203,Aire-la-Ville,1288,1288,GE,25,6601,0,0,0,1175,0,0,6034690.66308594,11360.7107209078,2893357.02636719,7868.8726236437
204,Versoix,1290,1290,GE,25,6644,0,3,0,14256,21.04377,0,36868998.2001953,35483.0393603819,17611951.6716309,24524.4589589367
205,Commugny,1291,1291,VD,22,5711,0,2,0,3098,64.55778,0,13666283.4794922,19950.5898297313,6520363.62133789,13782.6400098514
206,Chambésy,1292,1292,GE,25,6634,0,0,0,3807,0,0,12929413.3444824,17973.4588611176,6188338.12573242,12436.6396472266
207,Bellevue,1293,1293,GE,25,6606,0,1,0,3695,27.0636,0,13066614.0556641,21180.828291439,6250097.09594727,14652.5059397708
208,Genthod,1294,1294,GE,25,6622,0,0,0,2447,0,0,11138300.0913086,15111.0566132551,5326012.79833984,10452.4227198184
209,Mies,1295,1295,VD,22,5723,0,1,0,3841,26.03489,0,21643668.0063477,21304.0806478444,10334385.6567383,14726.4120388348
210,Coppet,1296,1296,VD,22,5712,0,0,0,2843,0,0,12164968.4094238,16375.2036080893,5805560.19360352,11316.687874898
211,Founex,1297,1297,VD,22,5717,0,2,0,3734,53.56186,0,17075065.84375,21432.7968202469,8143840.22265625,14806.5129996379
212,Céligny,1298,1298,GE,25,6610,0,0,0,892,0,0,17909856.3950195,27985.7734549364,8537643.23730469,19327.8635138735
213,Crans-près-Céligny,1299,1299,VD,22,5713,0,3,0,2143,139.99067,0,18515909.1037598,22120.4376038713,8822258.71484375,15274.1518541105
214,Vufflens-la-Ville,1302,1302,VD,22,5503,0,0,0,1302,0,0,11327702.5786133,16232.7391521637,5354768.56542969,11156.7463705268
215,Penthaz,1303,1303,VD,22,5496,0,1,0,1745,57.30659,0,8190800.59082031,14698.9078747625,3868573.7487793,10100.5225873181
216,Cossonay-Ville,1304,1304,VD,22,5477,0,2,0,4608,43.40278,0,32424114.6445313,34875.5433790433,15305779.3745117,23957.8338504047
217,Penthalaz,1305,1305,VD,22,5495,0,0,0,3317,0,0,8169300.52270508,13713.9392254581,3856425.37939453,9420.33698004555
218,Daillens,1306,1306,VD,22,5480,0,0,0,1016,0,0,11864246.0969238,19547.3694087957,5597411.62231445,13425.5071305293
219,Lussery-Villars,1307,1307,VD,22,5487,0,0,0,465,0,0,7763597.70629883,14202.1878021309,3662215.65673828,9754.2107480002
220,La Chaux (Cossonay),1308,1308,VD,22,5474,0,0,0,413,0,0,14097661.4262695,21292.0933847502,6652603.13696289,14622.6290537509
221,Eclépens,1312,1312,VD,22,5482,0,0,0,1224,0,0,12528311.697998,18432.408586387,5905680.66259766,12656.7601303135
222,Ferreyres,1313,1313,VD,22,5483,0,0,0,329,0,0,6600754.89990234,14445.0020150449,3110529.12573242,9918.11004022198
223,La Sarraz,1315,1315,VD,22,5498,0,1,0,2576,38.81988,0,16424265.7248535,28773.9988180482,7741344.19213867,19758.8874743688
224,Chevilly,1316,1316,VD,22,5476,0,0,0,324,0,0,8507898.47900391,14320.7587589011,4011746.07885742,9833.2814989762
225,Orny,1317,1317,VD,22,5493,0,0,0,362,0,0,10974916.7751465,15960.7779080648,5169804.09667969,10955.0565338587
226,Pompaples,1318,1318,VD,22,5497,0,0,0,842,0,0,9327542.22827148,20645.5197438167,4392775.96166992,14167.4411395546
227,Arnex-sur-Orbe,1321,1321,VD,22,5743,0,0,0,641,0,0,16093126.2485352,23872.4301473696,7575361.32397461,16378.7897313586
228,Croy,1322,1322,VD,22,5752,0,0,0,442,0,0,8815719.35205078,13922.261273403,4150338.68994141,9551.61973936631
229,Romainmôtier,1323,1323,VD,22,5761,0,0,0,509,0,0,15236310.9321289,32443.4443796982,7172822.24316406,22265.696767882
230,Premier,1324,1324,VD,22,5759,0,0,0,214,0,0,13065583.9245605,20923.657058814,6145888.31054688,14354.4369469118
231,Vaulion,1325,1325,VD,22,5765,0,0,0,491,0,0,29412918.6264648,31500.9951289829,13847886.0725098,21618.0323305225
232,Juriens,1326,1326,VD,22,5754,0,0,0,312,0,0,19999758.0263672,29795.0550765196,9416685.28881836,20448.3059989241
233,Bretonnières,1329,1329,VD,22,5748,0,0,0,268,0,0,11599202.1679688,18257.7064753769,5454744.51782227,12518.9764996217
234,Vallorbe,1337,1337,VD,22,5764,0,1,0,3879,25.77984,0,49410312.4350586,38208.9869314554,23242856.5046387,26220.2114251424
235,Ballaigues,1338,1338,VD,22,5744,0,0,0,1072,0,0,19272299.0334473,18224.0375858927,9056799.24316406,12493.3300908516
236,L'Orient,1341,1341,VD,22,5872,0,20,0,746,2680.96515,0,29958208.0803223,26780.1777731136,14153452.2275391,18408.9947901006
237,Le Pont,1342,1342,VD,22,5871,0,4,0,486,823.04527,0,13345398.9311523,17637.1516440408,6287060.22143555,12100.976858903
238,Les Charbonnières,1343,1343,VD,22,5873,0,2,0,343,583.09038,0,30413415.732666,23790.4507573818,14322507.9560547,16330.5097771043
239,L'Abbaye,1344,1344,VD,22,5871,0,6,0,379,1583.11346,0,21961311.5617676,21235.6076160194,10356472.8935547,14579.4769533047
240,Le Séchey,1345,1345,VD,22,5873,0,3,0,581,516.35112,0,45664516.6508789,29130.2496290161,21527149.833252,20004.9975073821
241,Les Bioux,1346,1346,VD,22,5871,0,4,0,640,625,0,41627531.6364746,28531.1600712618,19648749.3200684,19603.0121948498
242,Le Solliat,1347,1347,VD,22,5872,1,51,0.0196078431372549,2520,2023.80952,39.68254,40894722.8457031,30775.4367809651,19301469.4123535,21144.0193905809
243,Le Brassus,1348,1348,VD,22,5872,0,5,0,1391,359.45363,0,141346447.483643,53967.5652599261,66832270.6420898,37115.3157505764
244,Orbe Distribution,1350,1350,VD,22,5757,0,5,0,6904,72.42178,0,25547633.3276367,27887.5491680373,12009334.7114258,19113.9030093581
245,Agiez,1352,1352,VD,22,5742,0,0,0,353,0,0,11631424.0505371,17084.5615819042,5469431.85375977,11717.2080028385
246,Bofflens,1353,1353,VD,22,5747,0,0,0,199,0,0,9040214.65942383,17327.0120585596,4253264.12841797,11883.5383604874
247,Montcherand,1354,1354,VD,22,5756,0,0,0,497,0,0,6573165.02783203,11633.2155407615,3089094.18334961,7976.66435824264
248,Sergey,1355,1355,VD,22,5762,0,0,0,393,0,0,11198580.7424316,16200.7011715937,5259015.02563477,11104.0189559435
249,La Russille,1356,1356,VD,22,5750,0,0,0,190,0,0,14871185.7370605,23885.2919348015,6989021.46826172,16379.1348169232
250,Lignerolle,1357,1357,VD,22,5755,0,0,0,435,0,0,27165123.9157715,26305.1561240721,12758908.3891602,18026.7207558659
251,Valeyres-sous-Rances,1358,1358,VD,22,5763,0,1,0,624,160.25641,0,13654329.7966309,26207.8142213157,6413563.4206543,17965.6636755285
252,Bavois,1372,1372,VD,22,5746,0,1,0,964,103.73444,0,20581619.5700684,21379.6267479704,9692031.94897461,14666.227935855
253,Chavornay,1373,1373,VD,22,5749,0,3,0,4445,67.49156,0,21677367.4912109,27273.318965477,10198320.0605469,18704.3394627367
254,Corcelles-sur-Chavornay,1374,1374,VD,22,5749,0,0,0,369,0,0,11742793.994873,22210.0513731645,5524967.60205078,15234.704722418
255,Penthéréaz,1375,1375,VD,22,5531,0,0,0,422,0,0,12081279.4182129,16366.786003588,5688385.52441406,11229.9693157521
256,Goumoens-la-Ville,1376,1376,VD,22,5541,0,0,0,1128,0,0,22759758.4282227,26974.0687799436,10725766.1494141,18513.1931137236
257,Oulens-sous-Echallens,1377,1377,VD,22,5529,0,0,0,618,0,0,12379538.9597168,17572.1457881456,5836616.56689453,12063.8159551948
258,Yverdon-les-Bains,1400,1400,VD,22,5938,0,10,0,30641,32.63601,0,57321504.9616699,40992.0096423876,26886219.8457031,28079.1240436917
259,Cuarny,1404,1404,VD,22,5911,0,0,0,354,0,0,11330818.4814453,18994.4717241888,5317338.16845703,13013.7075297718
260,Pomy,1405,1405,VD,22,5926,0,0,0,770,0,0,12035173.5668945,17769.9974930291,5650912.54980469,12175.8198052367
261,Cronay,1406,1406,VD,22,5910,0,1,0,396,252.52525,0,13933155.9992676,19924.7927447458,6542405.87451172,13651.844867687
262,Mézery-près-Donneloye,1407,1407,VD,22,5913,0,0,0,913,0,0,23041683.6867676,31070.5009076825,10825666.0561523,21295.685527695
263,Prahins,1408,1408,VD,22,5913,0,0,0,130,0,0,5030492.70019531,11052.4603952341,2363895.87963867,7574.59481589039
264,Chanéaz,1409,1409,VD,22,5693,0,0,0,113,0,0,2969606.00488281,10700.32105586,1395909.08740234,7334.91109426257
265,Correvon,1410,1410,VD,22,5693,0,0,0,1779,0,0,48634752.715332,45926.4561620379,22879763.5737305,31498.3094694592
266,Valeyres-sous-Ursins,1412,1412,VD,22,5934,0,0,0,463,0,0,12879043.4433594,17018.8029133279,6051418.09936523,11660.4975505162
267,Orzens,1413,1413,VD,22,5925,0,0,0,211,0,0,8876114.8046875,14902.8410448921,4172551.39648438,10216.7162579956
268,Démoret,1415,1415,VD,22,5912,0,0,0,387,0,0,20920610.9829102,22680.8408379028,9823597.15112305,15540.9143376917
269,Pailly,1416,1416,VD,22,5530,0,0,0,569,0,0,12261113.5551758,13738.4103299951,5769464.58325195,9422.72267629406
270,Epautheyres,1417,1417,VD,22,5520,0,0,0,1029,0,0,20716661.7543945,24390.1323545374,9741785.1081543,16718.6198286747
271,Vuarrens,1418,1418,VD,22,5539,0,0,0,1011,0,0,18980883.885498,20766.2098931243,8936061.53686523,14245.0100143014
272,Fiez,1420,1420,VD,22,5556,0,0,0,443,0,0,5013520.07519531,9714.07436120429,2348030.98095703,6651.63045134094
273,Grandevent,1421,1421,VD,22,5560,0,0,0,464,0,0,10781141.810791,18346.8291568844,5047095.21411133,12554.5957134152
274,Grandson,1422,1422,VD,22,5561,0,0,0,3327,0,0,29526011.1826172,25038.4906428638,13835251.1777344,17147.2990806864
275,Fontanezier,1423,1423,VD,22,5571,0,0,0,925,0,0,21483789.6015625,31698.7523554315,10049853.4311523,21678.9483762295
276,Champagne,1424,1424,VD,22,5553,0,1,0,986,101.41988,0,8344073.72705078,13428.3049752629,3906587.61474609,9187.90002704267
277,Onnens VD,1425,1425,VD,22,5565,0,0,0,503,0,0,15242868.6030273,22379.0320081548,7134623.53881836,15302.3588142605
278,Corcelles-près-Concise,1426,1426,VD,22,5555,0,1,0,1423,70.27407,0,57180650.9331055,36864.0378447644,26755355.8395996,25215.1069639536
279,Bonvillars,1427,1427,VD,22,5551,0,0,0,479,0,0,11814580.6879883,19790.594091203,5531047.65161133,13538.3134103069
280,Mutrux,1428,1428,VD,22,5563,0,0,0,554,0,0,49394321.6977539,35222.7904841883,23078948.1174316,24080.0488397373
281,Giez,1429,1429,VD,22,5559,0,1,0,426,234.74178,0,10154891.4589844,16786.084023467,4758120.23681641,11492.8536252154
282,Orges,1430,1430,VD,22,5924,0,0,0,341,0,0,8489166.31665039,14762.3714988157,3977978.61230469,10108.8243520251
283,Vugelles-La Mothe,1431,1431,VD,22,5937,0,0,0,231,0,0,10892282.8891602,16474.0988426741,5101173.61083984,11275.7415398565
284,Gressy,1432,1432,VD,22,5938,0,0,0,566,0,0,19023285.3806152,25919.5889705994,8937446.71875,17758.0696013554
285,Suchy,1433,1433,VD,22,5929,0,0,0,599,0,0,14090588.3942871,17349.8012812054,6625021.66308594,11893.8877109973
286,Ependes VD,1434,1434,VD,22,5914,0,0,0,366,0,0,10210091.8476563,16755.0309248891,4796333.70849609,11485.4407765379
287,Essert-Pittet,1435,1435,VD,22,5749,0,0,0,186,0,0,7785426.90283203,12715.9575802021,3659472.53881836,8714.62490641302
288,Chamblon,1436,1436,VD,22,5904,0,1,0,1030,97.08738,0,10454969.7766113,15326.0144614234,4906007.7331543,10499.3377918252
289,Suscévaz,1437,1437,VD,22,5930,0,0,0,215,0,0,8707240.25708008,14841.7046659549,4087641.98706055,10165.0754480618
290,Mathod,1438,1438,VD,22,5919,0,1,0,616,162.33766,0,14119702.3781738,19154.2842235156,6629353.59033203,13126.6692149308
291,Rances,1439,1439,VD,22,5760,0,0,0,484,0,0,20882894.3439941,29898.3532581665,9802435.67773438,20491.0106480509
292,Valeyres-sous-Montagny,1441,1441,VD,22,5933,0,1,0,694,144.09222,0,4902642.65063477,13236.0581107414,2298340.39453125,9065.36874269597
293,Montagny-près-Yverdon,1442,1442,VD,22,5922,0,1,0,877,114.02509,0,7524136.1550293,15603.2067259505,3528615.98681641,10692.6184178109
294,Champvent,1443,1443,VD,22,5905,0,0,0,690,0,0,19390190.892334,26301.9752633663,9095207.78173828,18014.2738666474
295,Vuiteboeuf,1445,1445,VD,22,5766,0,0,0,603,0,0,11331152.5871582,16352.7053921065,5311239.41137695,11197.1584371661
296,Baulmes,1446,1446,VD,22,5745,0,0,0,1035,0,0,43308754.6298828,32263.0700985208,20313809.1108398,22101.6327368111
297,Ste-Croix,1450,1450,VD,22,5568,0,0,0,4244,0,0,42609564.5009766,39241.4845759168,19959939.0515137,26860.984372705
298,Les Rasses,1452,1452,VD,22,5552,0,2,0,203,985.22167,0,11197207.576416,16242.5066464633,5241928.32666016,11111.470129529
299,Mauborget,1453,1453,VD,22,5562,0,0,0,649,0,0,76894274.4606934,47873.5480557937,35969430.1745605,32752.2460406649
300,L'Auberson,1454,1454,VD,22,5568,0,0,0,636,0,0,43780650.8703613,32461.1627607745,20506843.7695313,22211.08976583
301,Yvonand,1462,1462,VD,22,5939,0,1,0,3475,28.77698,0,44601657.9335938,32339.4036132636,20911057.0725098,22146.3206142251
302,Rovray,1463,1463,VD,22,5928,0,2,0,182,1098.9011,0,6742831.47070313,14557.7712003771,3162407.00634766,9969.67698657012
303,Chavannes-le-Chêne,1464,1464,VD,22,5907,0,0,0,459,0,0,12979148.6762695,17052.9839515534,6090290.26318359,11678.2956364952
304,Cheyres,1468,1468,FR,10,2055,0,2,0,1562,128.04097,0,28131267.46875,26997.0044554073,13178019.5825195,18477.5024365197
305,Bollion,1470,1470,FR,10,2025,0,6,0,7209,83.2293,0,51039760.8549805,44333.490643559,23882072.9831543,30328.7075952589
306,Font,1473,1473,FR,10,2054,0,2,0,907,220.50717,0,19065528.9545898,22070.2208587907,8923084.39306641,15098.732854945
307,Châbles FR,1474,1474,FR,10,2055,0,1,0,774,129.19897,0,19948569.1933594,25132.7720804844,9341142.796875,17197.5422021709
308,Montbrelloz,1475,1475,FR,10,2054,0,2,0,1126,177.61989,0,40578000.2729492,34471.7988229245,18967874.5178223,23567.6555786906
309,Cugy FR,1482,1482,FR,10,2011,0,3,0,1385,216.6065,0,13853133.3305664,20404.9254054852,6491771.97509766,13969.0954368126
310,Vesin,1483,1483,FR,10,2011,0,3,0,1052,285.1711,0,15871626.4702148,23039.0176360411,7436865.36621094,15768.9533168487
311,Aumont,1484,1484,FR,10,2050,0,2,0,812,246.30542,0,13073941.9936523,22845.7812353491,6129182.28540039,15643.039514243
312,Nuvilly,1485,1485,FR,10,2035,0,0,0,441,0,0,9130464.33398438,15363.1146219111,4282955.65112305,10521.6704572926
313,Vuissens,1486,1486,FR,10,2054,0,0,0,272,0,0,11935093.5322266,15733.476082347,5608828.42700195,10782.7028416548
314,Murist,1489,1489,FR,10,2054,0,0,0,661,0,0,17439897.2890625,19867.6598551125,8177123.35253906,13604.7917221001
315,Vucherens,1509,1509,VD,22,5692,0,0,0,600,0,0,6935221.25292969,12209.4865197825,3272152.48657227,8384.22448181419
316,Moudon Caserne,1510,1510,VD,22,5678,0,0,0,6320,0,0,40019695.4682617,45403.606592549,18853310.3051758,31161.3266629903
317,Chavannes-sur-Moudon,1512,1512,VD,22,5665,0,0,0,221,0,0,9612036.51953125,16542.036159175,4529662.66137695,11355.8245560126
318,Hermenches,1513,1513,VD,22,5673,0,0,0,447,0,0,12425676.4946289,18965.6096517423,5859711.2644043,13021.4703454084
319,Bussy-sur-Moudon,1514,1514,VD,22,5663,0,0,0,218,0,0,6660670.046875,10702.896308207,3135270.50219727,7344.30832408404
320,Villars-le-Comte,1515,1515,VD,22,5690,0,0,0,300,0,0,16436307.1606445,22430.4687132464,7732297.49316406,15383.1502030836
321,Curtilles,1521,1521,VD,22,5669,0,0,0,331,0,0,10561866.128418,18900.4549992356,4969745.57641602,12960.6886419493
322,Oulens-sur-Lucens,1522,1522,VD,22,5675,0,1,0,3607,27.72387,0,16823257.484375,24945.4992902667,7913483.64990234,17109.0996748309
323,Granges-près-Marnand,1523,1523,VD,22,5831,0,2,0,1448,138.12155,0,14959321.8974609,20397.8003657195,7021589.24121094,13976.1178979225
324,Marnand,1524,1524,VD,22,5831,0,2,0,239,836.82008,0,4939542.54931641,13949.1865333784,2319061.88061523,9557.55752078026
325,Seigneux,1525,1525,VD,22,5831,0,0,0,676,0,0,14139423.2290039,19119.7699648034,6645142.79443359,13103.692707584
326,Cremin,1526,1526,VD,22,5675,0,0,0,220,0,0,9382689.11230469,14967.9653128576,4410878.53051758,10267.0033474825
327,Villeneuve FR,1527,1527,FR,10,2044,0,1,0,373,268.09651,0,6721000.65478516,14791.455208326,3157359.59326172,10135.9643701437
328,Praratoud,1528,1528,FR,10,2044,0,0,0,335,0,0,10404222.5595703,17698.1814232149,4888065.96533203,12131.7771596703
329,Cheiry,1529,1529,FR,10,2009,0,0,0,366,0,0,11002959.347168,20011.9264811178,5167785.24560547,13718.9818920289
330,Payerne Distribution,1530,1530,VD,22,5822,0,4,0,9737,41.08041,0,37868293.0117188,40436.2201727983,17736577.7333984,27668.6774794395
331,Fétigny Dist Fil,1532,1532,FR,10,2016,0,4,0,1065,375.58685,0,8848920.37011719,16009.155308307,4148948.79541016,10960.8702161849
332,Ménières,1533,1533,FR,10,2027,0,0,0,443,0,0,9399053.43994141,16248.6319747732,4408739.36279297,11133.0210222819
333,Sassel,1534,1534,VD,22,5831,0,0,0,245,0,0,10532316.3808594,17919.1445868692,4942337.55737305,12276.1038331012
334,Combremont-le-Grand,1535,1535,VD,22,5831,0,0,0,325,0,0,12998490.2641602,18365.6595601047,6101704.22729492,12583.8002467871
335,Combremont-le-Petit,1536,1536,VD,22,5831,0,0,0,419,0,0,12190304.71875,16691.6351332436,5726354.81567383,11440.5854436979
336,Champtauroz,1537,1537,VD,22,5812,0,0,0,124,0,0,6477813.41308594,11920.4044468885,3041444.17333984,8165.17139418471
337,Treytorrens (Payerne),1538,1538,VD,22,5828,0,0,0,125,0,0,6666799.30615234,12127.971102973,3128354.27319336,8306.72687953106
338,Bussy FR,1541,1541,FR,10,2054,0,1,0,957,104.49321,0,18320445.2172852,20715.5926183027,8576322.71484375,14178.351131118
339,Rueyres-les-Prés,1542,1542,FR,10,2054,0,1,0,532,187.96992,0,6872246.53173828,14057.2367981608,3214972.61987305,9615.93819594699
340,Grandcour,1543,1543,VD,22,5817,0,1,0,982,101.83299,0,21891542.375,27030.9406246004,10235371.4094238,18486.4174464448
341,Gletterens,1544,1544,FR,10,2022,0,1,0,1080,92.59259,0,15077262.203125,21844.2226858861,7039454.99487305,14925.0401421619
342,Chevroux,1545,1545,VD,22,5813,0,0,0,493,0,0,28070581.2104492,22159.1712374013,13110265.2487793,15142.2198543993
343,Vers-chez-Perrin,1551,1551,VD,22,5822,0,0,0,297,0,0,12383591.1171875,19407.6842666148,5805945.39306641,13285.2907223038
344,Trey,1552,1552,VD,22,5827,0,0,0,274,0,0,8073978.14355469,15503.7714996321,3788668.58544922,10618.6479052079
345,Châtonnaye,1553,1553,FR,10,2068,0,0,0,831,0,0,13369328.5722656,21723.2457829975,6278530.06640625,14887.2480754685
346,Sédeilles,1554,1554,VD,22,5830,0,0,0,321,0,0,7807660.68505859,13441.2102923216,3668434.56079102,9209.13536836779
347,Villarzel,1555,1555,VD,22,5830,0,0,0,190,0,0,8572489.21337891,13907.2546074841,4027222.5,9529.16288032987
348,Corcelles-près-Payerne,1562,1562,VD,22,5816,0,6,0,2407,249.27295,0,27451007.0717773,28595.2498632256,12849043.357666,19560.3801852162
349,Dompierre FR,1563,1563,FR,10,2053,0,1,0,1123,89.0472,0,10074318.8393555,14310.7463153365,4713089.23779297,9784.34666781777
350,Domdidier,1564,1564,FR,10,2053,0,5,0,3279,152.48551,0,17258848.3574219,23156.2135081765,8072447.16015625,15832.468722942
351,Missy,1565,1565,VD,22,5821,0,0,0,825,0,0,14085767.2915039,21143.9969725543,6583797.45483398,14453.5246666832
352,St-Aubin FR,1566,1566,FR,10,2041,0,3,0,1848,162.33766,0,16922825.902832,19665.340890613,7906597.75512695,13440.8754541973
353,Delley,1567,1567,FR,10,2051,0,1,0,420,238.09524,0,7300693.01855469,13138.5289243144,3408285.29736328,8977.18396728957
354,Portalban,1568,1568,FR,10,2051,0,2,0,747,267.73762,0,28320105.1494141,26525.0333873437,13215035.9223633,18117.606050406
355,Oleyres,1580,1580,VD,22,5451,0,1,0,4261,23.46867,0,46792882.0917969,45237.7177575957,21869745.2792969,30919.411135905
356,Villarepos,1583,1583,FR,10,2254,0,0,0,669,0,0,10273658.7592773,18252.2807580363,4801715.21704102,12479.7069490478
357,Villars-le-Grand,1584,1584,VD,22,5464,0,0,0,349,0,0,8965288.56689453,15334.6608910723,4186481.22875977,10476.9423246461
358,Bellerive VD,1585,1585,VD,22,5464,0,0,0,1191,0,0,12748289.7993164,22409.4476277913,5950650.41992188,15314.7297717501
359,Vallamand,1586,1586,VD,22,5464,0,1,0,556,179.85612,0,9164346.22363281,16972.7552305066,4275366.00073242,11600.496256119
360,Constantine,1587,1587,VD,22,5464,0,0,0,470,0,0,10048794.7329102,19794.9401210819,4690715.30029297,13521.1212902058
361,Cudrefin,1588,1588,VD,22,5456,0,0,0,1675,0,0,68202393.8842773,35678.6265269575,31785463.440918,24365.2045666789
362,Chabrey,1589,1589,VD,22,5464,0,0,0,364,0,0,28350841.512207,24598.0558115402,13221312.5761719,16796.7030701179
363,Faoug,1595,1595,VD,22,5458,0,1,0,968,103.30579,0,14495137.934082,18236.3956887799,6769132.86547852,12461.0337229064
364,Les Thioleyres,1607,1607,VD,22,5805,0,0,0,1740,0,0,21278581.2485352,27859.0287487088,10068311.5703125,19165.9047829594
365,Chapelle (Glâne),1608,1608,FR,10,2066,0,0,0,1038,0,0,13530658.4326172,21970.5994690646,6395630.31152344,15104.8453596221
366,Fiaugères,1609,1609,FR,10,2335,0,1,0,1005,99.50249,0,20848943.1586914,22476.011877643,9852780.3581543,15452.0896541869
367,Châtillens,1610,1610,VD,22,5805,0,2,0,2665,75.0469,0,13887469.9902344,20459.6134577072,6566518.60302734,14068.2633283231
368,Le Crêt-près-Semsales,1611,1611,FR,10,2338,0,0,0,502,0,0,15790017.7939453,19638.2128878515,7455487.20263672,13498.6374330495
369,Ecoteaux,1612,1612,VD,22,5805,0,0,0,469,0,0,7927266.6171875,17440.4909119344,3750922.89868164,11992.0241628873
370,Maracon,1613,1613,VD,22,5790,0,0,0,497,0,0,9185958.73828125,19577.3956757541,4345021.0559082,13461.2897068754
371,Granges (Veveyse),1614,1614,FR,10,2328,0,1,0,897,111.48272,0,11124036.6201172,18596.2392662783,5268669.6887207,12795.5665301818
372,Bossonnens,1615,1615,FR,10,2323,0,0,0,1534,0,0,8723332.59033203,14114.2738027198,4130729.85473633,9712.81272373441
373,Attalens,1616,1616,FR,10,2321,0,0,0,3054,0,0,15627509.1557617,17553.155534925,7405787.71679688,12083.8373696799
374,Remaufens,1617,1617,FR,10,2333,0,1,0,1655,60.42296,0,16522258.2353516,21083.1830490578,7821983.83496094,14497.9838237239
375,Châtel-St-Denis Dist,1618,1618,FR,10,2325,0,0,0,6059,0,0,67004878.0678711,51600.7355219576,31722070.6474609,35510.5069296663
376,Les Paccots,1619,1619,FR,10,2325,0,0,0,973,0,0,34073256.09375,32839.7325365964,16147396.6000977,22607.2964702
377,Semsales,1623,1623,FR,10,2336,0,0,0,1408,0,0,53822476.5493164,44594.881531463,25448004.3476563,30666.7168789606
378,La Verrerie,1624,1624,FR,10,2338,0,0,0,699,0,0,12794591.5664063,20650.5332821348,6044817.22290039,14193.8794012374
379,Sâles (Gruyère),1625,1625,FR,10,2152,0,1,0,1028,97.27626,0,26235838.7143555,29399.3601061533,12374855.7570801,20189.6268257382
380,Treyfayes,1626,1626,FR,10,2152,0,0,0,477,0,0,12538636.6064453,22627.0332249451,5910869.86035156,15535.6433746642
381,Vaulruz,1627,1627,FR,10,2155,0,0,0,1068,0,0,19419709.2631836,27217.8267653616,9165422.07788086,18699.0441455403
382,Vuadens,1628,1628,FR,10,2160,0,0,0,2449,0,0,23830660.5356445,28033.2927476854,11250460.6721191,19261.1953327445
383,Bulle,1630,1630,FR,10,2125,0,0,0,18201,0,0,37763885.2861328,50431.2888940172,17833936.3674316,34657.1408541885
384,Riaz,1632,1632,FR,10,2148,0,1,0,2700,37.03704,0,15706880.668457,22685.5851591258,7406433.15112305,15584.1516164848
385,Vuippens,1633,1633,FR,10,2140,0,0,0,1925,0,0,17617239.4609375,29938.9784559216,8302440.24291992,20561.2581162321
386,La Roche FR,1634,1634,FR,10,2149,0,0,0,1748,0,0,51456651.1210938,31017.6964935167,24219421.9858398,21287.9592070884
387,La Tour-de-Trême,1635,1635,FR,10,2125,0,0,0,5283,0,0,41928804.6152344,52641.242597395,19810617.9343262,36184.2300066641
388,Broc,1636,1636,FR,10,2124,0,0,0,2640,0,0,26104462.9033203,22394.4321214723,12329394.0930176,15395.3486742305
389,Charmey (Gruyère),1637,1637,FR,10,2163,0,0,0,2124,0,0,149764165.415527,75675.3533987755,70747015.4736328,52015.1871851503
390,Morlon,1638,1638,FR,10,2143,0,1,0,574,174.21603,0,9034500.80761719,13098.5291983101,4262994.79638672,8996.06382319694
391,Sorens,1642,1642,FR,10,2153,0,0,0,1145,0,0,18349279.7978516,20370.8803561956,8643373.39672852,13986.4041613283
392,Gumefens,1643,1643,FR,10,2122,0,0,0,883,0,0,7863267.69042969,15645.6653875904,3703079.3996582,10739.940775988
393,Avry-devant-Pont,1644,1644,FR,10,2122,0,0,0,662,0,0,9197616.49267578,18561.0206310276,4330057.28979492,12740.2796064013
394,Le Bry,1645,1645,FR,10,2122,0,0,0,346,0,0,8594416.01074219,17568.0225596211,4044233.8425293,12057.6884545028
395,Echarlens,1646,1646,FR,10,2131,0,1,0,853,117.23329,0,10298540.7548828,16145.0059892703,4855424.16699219,11083.2056718311
396,Corbières,1647,1647,FR,10,2129,0,0,0,599,0,0,10233469.4047852,17450.0956116402,4822998.55444336,11984.883487472
397,Hauteville,1648,1648,FR,10,2137,0,0,0,695,0,0,24582973.0854492,25589.6918699429,11580313.9304199,17569.2491234679
398,Pont-la-Ville,1649,1649,FR,10,2147,0,1,0,624,160.25641,0,11783813.8217773,18602.7611022657,5544276.46435547,12757.5613682428
399,Villarvolard,1651,1651,FR,10,2129,0,0,0,322,0,0,12641671.1499023,16830.4376141562,5960864.08496094,11561.1828015725
400,Botterens,1652,1652,FR,10,2123,0,0,0,589,0,0,9618189.72949219,14734.3596955031,4538429.81762695,10121.5941445142
401,Crésuz,1653,1653,FR,10,2130,0,1,0,691,144.7178,0,8338062.04443359,13485.802049908,3935061.36352539,9266.20938633845
402,Cerniat FR,1654,1654,FR,10,2163,0,0,0,418,0,0,71363985.9311523,46759.984521466,33622658.3295898,32097.6964176024
403,Im Fang,1656,1656,FR,10,2138,0,0,0,661,0,0,91617053.8686523,47148.0154840642,43268919.935791,32400.7128096165
404,Abländschen,1657,1657,BE,2,843,0,0,0,46,0,0,19294086.2509766,23444.711743094,9123375.67114258,16122.873236376
405,La Tine,1658,1658,VD,22,5842,0,0,0,573,0,0,49227266.8803711,29896.3228174947,23365182.7219238,20598.95677072
406,Flendruz,1659,1659,VD,22,5843,0,0,0,1014,0,0,120929538.349609,60770.4426152779,57321372.0378418,41829.1480324202
407,Château-d'Oex,1660,1660,VD,22,5841,0,2,0,3541,56.48122,0,240555932.697266,85234.0002572821,114296169.244385,58749.0429184725
408,Le Pâquier-Montbarry,1661,1661,FR,10,2145,0,0,0,1308,0,0,8927311.98095703,18448.6549385085,4217759.41894531,12681.1510334492
409,Pringy,1663,1663,FR,10,2135,0,0,0,2240,0,0,40082239.7255859,45329.3745671387,18949971.3044434,31175.6675704653
410,Estavannens,1665,1665,FR,10,2162,0,0,0,480,0,0,44898947.5683594,33305.8375756233,21233606.3759766,22908.1487635328
411,Grandvillard,1666,1666,FR,10,2134,0,0,0,1102,0,0,59227263.909668,43884.9140497692,28044191.8596191,30199.9972193997
412,Enney,1667,1667,FR,10,2162,0,0,0,735,0,0,15601273.7973633,16104.9881972646,7378592.56445313,11074.4531256472
413,Les Sciernes-d'Albeuve,1669,1669,FR,10,2121,0,0,0,1602,0,0,126845804.830078,59456.5535258795,60131646.5222168,40933.3458083926
414,Ursy,1670,1670,FR,10,2102,0,0,0,1835,0,0,12059752.0966797,18236.3550122394,5687627.20532227,12523.719216019
415,Gillarens,1673,1673,FR,10,2097,0,0,0,2139,0,0,32231521.9799805,39574.7318697095,15218584.2119141,27179.4784620125
416,Vuarmarens,1674,1674,FR,10,2102,0,0,0,808,0,0,12536362.199707,21244.814444858,5910466.00878906,14588.6412088643
417,Vauderens,1675,1675,FR,10,2102,0,1,0,1076,92.9368,0,17435062.8208008,23062.541014768,8229862.91186523,15844.4837534723
418,Chavannes-les-Forts,1676,1676,FR,10,2099,0,0,0,431,0,0,9405051.546875,17651.7892141398,4434272.24804688,12115.3016132093
419,Prez-vers-Siviriez,1677,1677,FR,10,2099,0,0,0,370,0,0,8829272.79541016,13419.5904955569,4164528.08911133,9213.47261814843
420,Siviriez,1678,1678,FR,10,2099,0,0,0,1093,0,0,17728976.0200195,23889.318912796,8354507.16870117,16395.2663028481
421,Villaraboud,1679,1679,FR,10,2099,0,0,0,388,0,0,6785620.99121094,14256.4685071671,3197673.18261719,9782.01525803652
422,Romont FR,1680,1680,FR,10,2096,0,0,0,5369,0,0,30495959.559082,37153.2806551069,14350223.1809082,25482.0541995257
423,Billens,1681,1681,FR,10,2063,0,0,0,962,0,0,10405938.4487305,16037.9045290833,4899139.06079102,11004.3096777698
424,Dompierre VD,1682,1682,VD,22,5671,0,0,0,851,0,0,28592402.7744141,33833.9720059164,13449520.2165527,23197.4815814049
425,Brenles,1683,1683,VD,22,5675,0,0,0,409,0,0,14826758.9951172,19554.9512415992,6983753.48876953,13419.2784999641
426,Mézières FR,1684,1684,FR,10,2087,0,0,0,780,0,0,12602733.1914063,14675.1962351489,5934807.21142578,10068.429500852
427,Villariaz,1685,1685,FR,10,2113,0,0,0,366,0,0,6819993.35302734,14833.3615541933,3213474.79589844,10181.5411687834
428,Grangettes-près-Romont,1686,1686,FR,10,2079,0,0,0,273,0,0,10049767.765625,22799.080916474,4733148.25048828,15647.6903757671
429,Vuisternens-devant-Romont,1687,1687,FR,10,2113,0,1,0,1157,86.43042,0,17550879.1621094,32906.9128123828,8272072.7956543,22588.980043987
430,Lieffrens,1688,1688,FR,10,2113,0,1,0,387,258.39793,0,10632827.7729492,16076.8426947049,5015267.29492188,11041.8342045927
431,Le Châtelard-près-Romont,1689,1689,FR,10,2067,0,0,0,389,0,0,15816625.6855469,19118.4393314801,7449198.53955078,13121.4323611029
432,Villaz-St-Pierre,1690,1690,FR,10,2117,0,0,0,1770,0,0,22186033.953125,24337.0147992886,10431960.354248,16690.3720709093
433,Villarimboud,1691,1691,FR,10,2117,0,0,0,554,0,0,11497612.4394531,16120.0141154953,5401996.30566406,11051.7524762213
434,Massonnens,1692,1692,FR,10,2086,0,0,0,537,0,0,9167709.67138672,15913.3585754205,4314377.5144043,10916.5291709372
435,Orsonnens,1694,1694,FR,10,2114,0,0,0,1448,0,0,31214362.6396484,31681.4535292097,14684193.6582031,21729.9862261012
436,Estavayer-le-Gibloux,1695,1695,FR,10,2236,0,0,0,1321,0,0,22021137.5751953,25959.3492646258,10357602.8852539,17802.9071904146
437,Vuisternens-en-Ogoz,1696,1696,FR,10,2236,0,0,0,1062,0,0,13069804.2739258,15103.133215584,6148984.375,10362.4131817164
438,La Joux FR,1697,1697,FR,10,2113,0,0,0,435,0,0,12790326.4614258,19340.4600391367,6035176.49365234,13287.231835152
439,Bouloz,1699,1699,FR,10,2337,0,0,0,1232,0,0,20293740.7470703,25773.7068226752,9582824.56884766,17708.8708634374
440,Fribourg 1,1700,1700,FR,10,2196,0,6,0,36506,16.43565,0,22489600.3168945,25852.5087090666,10540678.659668,17698.3371801056
441,Tafers,1712,1712,FR,10,2306,0,0,0,3321,0,0,21630531.4321289,23809.043058789,10135844.4055176,16297.6800815228
442,St. Antoni,1713,1713,FR,10,2302,0,0,0,1672,0,0,20929200.5908203,22276.4603147872,9804774.64379883,15245.2881167023
443,Heitenried,1714,1714,FR,10,2296,0,1,0,1910,52.35602,0,34415880.7143555,27688.3927959051,16117729.0908203,18942.4073328846
444,Alterswil FR,1715,1715,FR,10,2291,0,0,0,1855,0,0,28864558.8037109,30270.64460252,13537348.421875,20732.0267504486
445,Schwarzsee,1716,1716,FR,10,2299,0,0,0,3313,0,0,128773763.473145,67423.8498524788,60627601.0639648,46247.7775669605
446,St. Ursen,1717,1717,FR,10,2304,0,0,0,1326,0,0,29875240.5419922,31098.3296228823,14011682.9736328,21304.4877984372
447,Rechthalten,1718,1718,FR,10,2301,0,1,0,1232,81.16883,0,18332499.574707,20521.0991849524,8605485.35864258,14059.0521476582
448,Brünisried,1719,1719,FR,10,2292,0,0,0,1067,0,0,10899721.5854492,14921.9911521865,5117987.72973633,10224.7011030332
449,Chésopelloz,1720,1720,FR,10,2183,0,1,0,2705,36.96858,0,12526146.8720703,19747.8024997321,5871240.32495117,13523.9687984123
450,Cormérod,1721,1721,FR,10,2272,0,0,0,2075,0,0,24370978.3330078,23107.6800514945,11400716.3657227,15807.5082032738
451,Bourguillon,1722,1722,FR,10,2196,0,0,0,671,0,0,2131248.04492188,6016.8554858718,999192.706787109,4120.4782290131
452,Villarsel-sur-Marly,1723,1723,FR,10,2230,0,3,0,8390,35.75685,0,29644178.5561523,31193.2230911104,13909386.5124512,21366.0418313264
453,Bonnefontaine,1724,1724,FR,10,2220,0,1,0,3693,27.07826,0,43525528.5742188,35140.3060842556,20455512.2624512,24087.8215761333
454,Posieux,1725,1725,FR,10,2233,0,0,0,1337,0,0,14578810.0961914,21112.99074734,6841873.23217773,14463.6915347391
455,Posat,1726,1726,FR,10,2236,0,3,0,2404,124.79201,0,21393289.1000977,24397.0179930455,10056252.9846191,16723.001403774
456,Corpataux,1727,1727,FR,10,2236,0,0,0,1335,0,0,9231793.61914063,16489.7572986857,4337215.15600586,11304.878281658
457,Rossens FR,1728,1728,FR,10,2236,0,0,0,1396,0,0,11136040.980957,17309.8124684092,5235567.95043945,11866.1860896678
458,Ecuvillens,1730,1730,FR,10,2233,0,0,0,1176,0,0,11121899.9838867,15380.4975977062,5222650.62255859,10539.671155917
459,Ependes FR,1731,1731,FR,10,2189,0,1,0,1096,91.24088,0,11946528.5737305,14643.322227638,5609523.07348633,10033.451441732
460,Arconciel,1732,1732,FR,10,2171,0,1,0,951,105.15247,0,12975291.0063477,21274.337312084,6093887.66748047,14580.0848694865
461,Treyvaux,1733,1733,FR,10,2226,0,0,0,1559,0,0,24240101.8857422,28647.514342654,11395934.2124023,19650.2556124704
462,Tentlingen,1734,1734,FR,10,2307,0,1,0,1364,73.31378,0,7652876.61816406,15766.3557956963,3592037.16674805,10800.3191929821
463,Giffers,1735,1735,FR,10,2294,0,0,0,1662,0,0,11466654.1879883,20585.7006150569,5384594.60400391,14106.1301888872
464,St. Silvester,1736,1736,FR,10,2303,0,0,0,908,0,0,14989708.4619141,20617.2367763765,7043469.25878906,14131.1624570873
465,Plasselb,1737,1737,FR,10,2300,0,1,0,1072,93.28358,0,38179086.7124023,40472.3938770898,17957313.2529297,27747.2233888928
466,Sangernboden,1738,1738,BE,2,852,0,0,0,241,0,0,147207931.597656,80107.8004770169,69269748.9494629,54962.4082148617
467,Neyruz FR,1740,1740,FR,10,2211,0,0,0,2576,0,0,11842241.2021484,17138.5068663575,5558322.87988281,11742.9496528256
468,Cottens FR,1741,1741,FR,10,2186,0,0,0,1522,0,0,10643006.421875,15962.5300856476,4998144.51855469,10941.223788288
469,Autigny,1742,1742,FR,10,2173,0,0,0,776,0,0,12658556.2138672,21022.6760872131,5947783.7421875,14413.1482106715
470,Chénens,1744,1744,FR,10,2177,0,0,0,867,0,0,8428967.5859375,12854.8427457277,3959881.90576172,8810.57994914643
471,Lentigny,1745,1745,FR,10,2234,0,0,0,1072,0,0,10995732.890625,15187.1371266312,5162521.03125,10408.1084720336
472,Prez-vers-Noréaz,1746,1746,FR,10,2237,0,1,0,1089,91.82736,0,11212721.9345703,14992.3187725868,5259403.0769043,10269.9169400678
473,Corserey,1747,1747,FR,10,2237,0,1,0,422,236.96682,0,7157065.3046875,12335.9101711023,3358766.40112305,8449.03348932174
474,Torny-le-Grand,1748,1748,FR,10,2115,0,0,0,508,0,0,10643370.9296875,16622.9379440483,4995705.08227539,11385.2482882822
475,Middes,1749,1749,FR,10,2115,0,0,0,490,0,0,10977571.8461914,17532.7070567154,5151310.85961914,12011.5603604584
476,Villars-sur-Glâne 1,1752,1752,FR,10,2228,0,1,0,12959,7.71664,0,11714547.03125,16327.7458986747,5493051.08129883,11180.906665964
477,Matran,1753,1753,FR,10,2208,0,0,0,1571,0,0,9038817.30322266,15359.9045976064,4239525.09838867,10519.9703304335
478,Avry-Centre FR,1754,1754,FR,10,2174,0,0,0,1945,0,0,13453905.2719727,19270.9855623185,6310116.20556641,13201.0221748076
479,Lovens,1756,1756,FR,10,2234,0,0,0,1008,0,0,11339063.3037109,16050.2669144861,5321261.71362305,10999.2710503453
480,Noréaz,1757,1757,FR,10,2237,0,0,0,724,0,0,15046560.9101563,21803.3997271661,7053407.52075195,14932.9476449635
481,Givisiez,1762,1762,FR,10,2197,0,0,0,3376,0,0,7333273.63671875,11601.7271471573,3436266.67358398,7941.29808506865
482,Granges-Paccot,1763,1763,FR,10,2198,0,1,0,3868,25.85315,0,8572118.70166016,15760.9242444625,4015153.22290039,10789.4462861775
483,Grolley,1772,1772,FR,10,2200,0,1,0,2679,37.32736,0,24127305.0507813,26374.5492143452,11300401.5656738,18050.5928410694
484,Léchelles,1773,1773,FR,10,2053,0,2,0,1126,177.61989,0,25432328.1010742,27452.3275686519,11907259.7883301,18782.6706707307
485,Cousset,1774,1774,FR,10,2029,0,0,0,1468,0,0,18725819.4360352,23793.8563988945,8776029.93505859,16289.7343112489
486,Mannens,1775,1775,FR,10,2029,0,1,0,767,130.3781,0,11092228.1157227,16698.7802907136,5201657.41357422,11434.6851945919
487,Montagny-la-Ville,1776,1776,FR,10,2029,0,1,0,433,230.94688,0,7978625.27490234,16839.0633758167,3737582.59741211,11528.6942250414
488,Belfaux,1782,1782,FR,10,2175,0,1,0,4432,22.56318,0,33813355.2329102,33978.4021830792,15834263.1025391,23254.1631115772
489,Pensier,1783,1783,FR,10,2254,0,0,0,556,0,0,19622688.2788086,30263.5732797538,9178802.53051758,20697.1675899355
490,Courtepin,1784,1784,FR,10,2254,0,0,0,2851,0,0,13999141.6489258,22306.6698978893,6545959.24780273,15252.0918752769
491,Cressier FR,1785,1785,FR,10,2257,0,0,0,1008,0,0,8994772.74804688,18155.7670486493,4201545.08398438,12412.0759049495
492,Sugiez,1786,1786,FR,10,2284,0,4,0,1995,200.50125,0,21962861.3857422,23885.3871691375,10232580.2822266,16306.1122856228
493,Môtier (Vully),1787,1787,FR,10,2284,0,0,0,671,0,0,18178648.0737305,19586.6746253075,8477960.5859375,13379.9044595091
494,Praz (Vully),1788,1788,FR,10,2284,0,1,0,419,238.66348,0,3286643.7421875,7665.88709979545,1532291.0402832,5233.86262156779
495,Lugnorre,1789,1789,FR,10,2284,0,3,0,1004,298.80478,0,11274910.581543,15829.9626160391,5254759.85986328,10805.5142374833
496,Courtaman,1791,1791,FR,10,2254,0,0,0,1439,0,0,2559993.91748047,7011.5463491564,1196993.50024414,4793.46057764629
497,Cordast,1792,1792,FR,10,2262,0,0,0,1290,0,0,13272959.7895508,19862.8585931797,6204283.04931641,13578.6499311556
498,Jeuss,1793,1793,FR,10,2275,0,0,0,436,0,0,9061456.39160156,18811.151667295,4230413.46240234,12856.1489722218
499,Salvenach,1794,1794,FR,10,2275,0,1,0,660,151.51515,0,8298086.41064453,12316.5156020211,3873825.1652832,8415.10725723839
500,Courlevon,1795,1795,FR,10,2275,0,0,0,322,0,0,7263461.85742188,14249.5182364009,3393714.7265625,9743.06069170084
501,Courgevaux,1796,1796,FR,10,2250,0,0,0,1140,0,0,6810817.35595703,15362.3315272635,3180641.07763672,10500.0647908184
502,Münchenwiler,1797,1797,BE,2,669,0,2,0,543,368.32413,0,5299571.10498047,10195.0732895265,2474278.02709961,6965.42074489431
503,Vevey,1800,1800,VD,22,5890,0,11,0,20227,54.38276,0,17991398.3413086,23868.096923296,8544312.60595703,16439.4346406586
504,Le Mont-Pèlerin,1801,1801,VD,22,5882,0,2,0,1056,189.39394,0,12809801.4804688,14114.7038883782,6074029.89233398,9718.64131648882
505,Corseaux,1802,1802,VD,22,5883,0,0,0,2331,0,0,16076551.7802734,20642.2134355067,7634081.96362305,14216.4700468333
506,Chardonne,1803,1803,VD,22,5882,0,0,0,1932,0,0,11560661.0820313,27885.1263825575,5487200.14916992,19201.3200570224
507,Corsier-sur-Vevey,1804,1804,VD,22,5884,0,0,0,2291,0,0,3128829.57666016,10877.1531625204,1484424.40673828,7493.0536533887
508,Jongny,1805,1805,VD,22,5885,0,0,0,1384,0,0,4642088.13134766,13212.7013736544,2201461.23730469,9094.59214161921
509,St-Légier-La Chiésaz,1806,1806,VD,22,5888,0,1,0,5027,19.89258,0,32152092.3623047,35946.4529797259,15246712.5009766,24762.0191782957
510,Blonay,1807,1807,VD,22,5881,0,1,0,6290,15.89825,0,33802602.2392578,39207.7082266904,16036565.2038574,27012.6785673256
511,Les Monts-de-Corsier,1808,1808,VD,22,5884,0,1,0,880,113.63636,0,10648479.234375,19320.2013603622,5047352.31738281,13298.4551052815
512,Fenil-sur-Corsier,1809,1809,VD,22,5884,0,0,0,76,0,0,1315576.85449219,6587.5873511858,623960.818603516,4537.14435955284
513,La Tour-de-Peilz,1814,1814,VD,22,5889,0,2,0,11960,16.72241,0,23932067.2631836,21595.8428834808,11369309.6882324,14879.2794424197
514,Clarens,1815,1815,VD,22,5886,0,2,0,9184,21.777,0,17385145.9492188,21570.0074419691,8261718.65332031,14861.4491091497
515,Chailly-Montreux Dist,1816,1816,VD,22,5886,0,1,0,1275,78.43137,0,1585838.52197266,7794.41867444177,753041.495605469,5369.25634147017
516,Brent,1817,1817,VD,22,5886,0,1,0,926,107.99136,0,1226021.77978516,5634.23203406626,582146.694580078,3881.18714319132
517,Montreux,1820,1820,VD,22,5886,0,4,0,11219,35.6538,0,34181227.6503906,42550.7408100456,16247446.9990234,29349.128656889
518,Chernex,1822,1822,VD,22,5886,0,1,0,2002,49.95005,0,3309416.00683594,11137.6633297308,1572079.47412109,7677.40185660483
519,Glion,1823,1823,VD,22,5886,0,0,0,656,0,0,5792758.65966797,17151.7162595829,2752250.98803711,11824.9854729541
520,Caux,1824,1824,VD,22,5886,0,0,0,690,0,0,17344721.0444336,19982.3282158136,8239266.9609375,13775.3251224843
521,Villard-sur-Chamby,1832,1832,VD,22,5886,0,1,0,651,153.60983,0,11532489.1977539,21024.2140962751,5475088.44262695,14484.2597207687
522,Les Avants,1833,1833,VD,22,5886,0,0,0,396,0,0,21805045.1308594,24743.7148506014,10349654.814209,17047.0412904311
523,Villeneuve VD,1844,1844,VD,22,5414,0,1,0,5714,17.50088,0,72164110.3725586,50814.4206443075,34327052.1254883,35060.8368404613
524,Noville,1845,1845,VD,22,5408,0,0,0,1241,0,0,42154013.4042969,35096.9162851372,20060199.840332,24213.7395404408
525,Chessel,1846,1846,VD,22,5403,0,0,0,425,0,0,7438089.24365234,12811.2725747515,3544899.46337891,8842.70062497316
526,Rennaz,1847,1847,VD,22,5412,0,0,0,831,0,0,4550778.42822266,10568.8813235637,2167078.36938477,7289.70847676035
527,Roche VD,1852,1852,VD,22,5413,0,0,0,1784,0,0,13641818.1630859,17754.9746771682,6500016.22363281,12259.991133261
528,Yvorne,1853,1853,VD,22,5415,0,0,0,1053,0,0,25609015.730957,31167.148017256,12211529.1083984,21527.6990296693
529,Leysin,1854,1854,VD,22,5407,0,2,0,4017,49.7884,0,39037874.8916016,29753.8332760927,18605666.385498,20535.2362975143
530,Corbeyrier,1856,1856,VD,22,5404,0,0,0,458,0,0,53302886.5605469,41852.1119601549,25384733.9394531,28878.2402286967
531,Aigle,1860,1860,VD,22,5401,1,3,0.333333333333333,10148,29.56248,9.85416,34117300.1147461,34814.2813082191,16283256.7583008,24058.2487006967
532,La Comballaz,1862,1862,VD,22,5410,0,0,0,522,0,0,49168169.9873047,33457.9549981184,23403302.0585938,23084.6036471685
533,Le Sépey,1863,1863,VD,22,5410,0,0,0,611,0,0,31601328.2050781,39313.6594419675,15050049.2861328,27126.6057060466
534,Vers-l'Eglise,1864,1864,VD,22,5411,0,1,0,365,273.9726,0,25115496.3212891,22204.2515402337,11967509.7875977,15327.3328496274
535,Les Diablerets,1865,1865,VD,22,5411,0,0,0,1241,0,0,104018197.962891,45906.1772113038,49591173.0246582,31695.9849195901
536,La Forclaz VD,1866,1866,VD,22,5410,0,0,0,238,0,0,27953028.4428711,28075.6459311558,13327506.9741211,19393.997957084
537,Ollon VD,1867,1867,VD,22,5409,0,2,0,4158,48.10005,0,54137547.3227539,45685.9092980428,25858192.9030762,31580.0569235825
538,Collombey,1868,1868,VS,23,6152,0,0,0,5758,0,0,12842500.4501953,27953.8756609705,6138912.70068359,19327.7963426351
539,Massongex,1869,1869,VS,23,6215,0,0,0,1767,0,0,12291246.2480469,18093.3834177916,5883168.79418945,12515.2336698284
540,Monthey 1 Distribution,1870,1870,VS,23,6153,0,2,0,15096,13.24854,0,33354693.5791016,50403.582489009,15963440.6723633,34864.8272377936
541,Les Giettes,1871,1871,VS,23,6153,0,1,0,2706,36.95492,0,21309176.4204102,22604.1368441971,10202546.0539551,15639.5838858111
542,Troistorrents,1872,1872,VS,23,6156,0,0,0,4087,0,0,36589897.3115234,43928.0305016496,17518135.4289551,30398.5269127
543,Val-d'Illiez,1873,1873,VS,23,6157,0,0,0,2106,0,0,81877386.9604492,49397.9552805457,39254247.1577148,34212.8114312869
544,Champéry,1874,1874,VS,23,6151,0,0,0,1421,0,0,80786600.1489258,41966.7885222074,38777969.9702148,29081.3813150871
545,Morgins,1875,1875,VS,23,6156,0,0,0,828,0,0,40953099.1005859,38042.7486106815,19601911.199707,26321.6157770064
546,Fenalet-sur-Bex,1880,1880,VD,22,5402,0,0,0,7931,0,0,156355120.766113,69176.5370565469,74808486.592041,47863.881461721
547,Gryon,1882,1882,VD,22,5405,0,0,0,1455,0,0,77813630.0776367,46457.1124513798,37176276.0754395,32129.2891326128
548,Villars-sur-Ollon,1884,1884,VD,22,5409,0,1,0,1877,53.27651,0,59478382.1469727,62921.1308645608,28389092.2993164,43480.530178304
549,Chesières,1885,1885,VD,22,5409,0,0,0,1613,0,0,10379199.8295898,17229.2606017645,4955553.24951172,11909.0966944284
550,Mex VS,1890,1890,VS,23,6217,0,5,0,4535,110.25358,0,30775148.5566406,33369.9929873668,14755351.1850586,23106.2134353681
551,Vérossaz,1891,1891,VS,23,6220,0,0,0,829,0,0,29698083.3759766,25654.4760157694,14233202.177002,17755.997735195
552,Lavey-Village,1892,1892,VD,22,5406,0,0,0,962,0,0,29678564.7060547,21583.5709175838,14219461.4702148,14941.6791075617
553,Muraz (Collombey),1893,1893,VS,23,6152,0,0,0,3421,0,0,55774092.9853516,46194.006101743,26651181.5383301,31931.7253563706
554,Vionnaz,1895,1895,VS,23,6158,0,0,0,2217,0,0,16814774.7880859,20974.9314801431,8027663.29003906,14494.4348734311
555,Miex,1896,1896,VS,23,6159,0,1,0,4230,23.64066,0,69916773.5356445,46133.9154567578,33343276.2612305,31877.852858974
556,Bouveret,1897,1897,VS,23,6154,0,0,0,4129,0,0,32812705.6113281,26470.2271657909,15629193.373291,18269.1251820353
557,St-Gingolph,1898,1898,VS,23,6155,0,0,0,1010,0,0,50277462.4746094,40107.9711169732,23937486.9616699,27668.7168797769
558,Torgon,1899,1899,VS,23,6158,0,0,0,536,0,0,26885203.5488281,22943.3391229929,12834354.159668,15856.2856872284
559,Evionnaz,1902,1902,VS,23,6213,0,0,0,1280,0,0,100630087.036621,58732.9767439586,48321353.0029297,40721.7578002699
560,Collonges,1903,1903,VS,23,6211,0,0,0,799,0,0,25425547.7421875,22206.6842142495,12194764.8122559,15377.5841204488
561,Vernayaz,1904,1904,VS,23,6219,0,1,0,1924,51.97505,0,12113406.7290039,23772.5379825994,5819021.34667969,16476.4001761613
562,Dorénaz,1905,1905,VS,23,6212,0,0,0,960,0,0,26117659.5551758,23437.2132159086,12539768.9807129,16234.5532627265
563,Charrat,1906,1906,VS,23,6132,0,0,0,1868,0,0,16344247.2143555,19008.7242562918,7856307.32299805,13175.6433283787
564,Saxon,1907,1907,VS,23,6141,0,1,0,6023,16.60302,0,48096029.2661133,29844.3855478927,23105477.2585449,20689.9281996681
565,Riddes,1908,1908,VS,23,6139,0,2,0,2583,77.42935,0,14863096.0766602,19451.2966524263,7131799.82666016,13477.81002317
566,Mayens-de-Chamoson,1911,1911,VS,23,6022,0,0,0,1124,0,0,82686808.125,49675.3449946552,39609227.920166,34390.0446952089
567,Leytron,1912,1912,VS,23,6135,0,0,0,2476,0,0,14646847.0610352,18842.8500019427,7022936.81689453,13050.899238881
568,Saillon,1913,1913,VS,23,6140,0,0,0,2624,0,0,28889133.2460938,32593.7207335249,13857599.4414063,22583.3869393652
569,Isérables,1914,1914,VS,23,6134,0,0,0,879,0,0,32345595.7685547,37170.2022086232,15532526.9462891,25746.6154014863
570,La Tzoumaz,1918,1918,VS,23,6139,0,1,0,535,186.91589,0,32162758.2807617,31769.9702861057,15454286.6044922,22014.5158366075
571,Martigny 1,1920,1920,VS,23,6136,0,2,0,17997,11.11296,0,45499446.9038086,46461.0605115709,21879552.1455078,32222.249697673
572,Martigny-Croix,1921,1921,VS,23,6137,0,0,0,1862,0,0,66677585.5522461,44442.2204846861,32114612.2722168,30834.0507354822
573,Les Granges (Salvan),1922,1922,VS,23,6218,0,1,0,960,104.16667,0,22058431.1669922,26905.4521875557,10597231.4904785,18653.4272132398
574,Les Marécottes,1923,1923,VS,23,6218,0,1,0,462,216.45022,0,89099894.5600586,53475.4648697404,42854080.5097656,37095.5042098668
575,Le Châtelard VS,1925,1925,VS,23,6214,0,0,0,403,0,0,47475055.3461914,43571.452675922,22862771.3532715,30239.7145825875
576,Fully,1926,1926,VS,23,6133,0,2,0,8808,22.70663,0,78733705.0244141,41391.866910795,37794193.6374512,28676.0290552784
577,Chemin,1927,1927,VS,23,6036,0,1,0,388,257.73196,0,9533863.78613281,22686.1584840463,4588089.25878906,15747.8916938155
578,Ravoire,1928,1928,VS,23,6137,0,0,0,662,0,0,10856757.8603516,14411.1279296762,5222661.54052734,9996.76590728926
579,Trient,1929,1929,VS,23,6142,0,0,0,181,0,0,82042524.1503906,48609.3498915434,39565586.2009277,33747.012168009
580,Bovernier,1932,1932,VS,23,6131,0,0,0,849,0,0,26971416.2895508,29566.8678376016,12991769.8154297,20517.4300468622
581,La Garde (Sembrancher),1933,1933,VS,23,6035,0,0,0,1128,0,0,42227919.6357422,33594.6554603278,20334048.4138184,23314.0403505037
582,Le Châble VS Distribution,1934,1934,VS,23,6031,1,2,0.5,3033,65.94131,32.97066,46408510.059082,40976.6865505596,22356437.7592773,28423.2090790066
583,Verbier,1936,1936,VS,23,6031,0,0,0,3249,0,0,45877506.5805664,34620.050746351,22068214.3652344,24020.5622399346
584,Orsières,1937,1937,VS,23,6034,0,1,0,2490,40.16064,0,93602532.0952148,58619.2391252933,45149485.3083496,40726.8371163835
585,Champex-Lac,1938,1938,VS,23,6034,0,0,0,302,0,0,27176535.125,21452.4458525181,13102081.296875,14894.9512819448
586,Vollèges,1941,1941,VS,23,6036,0,0,0,1372,0,0,9340580.91894531,14067.5079127694,4495478.79492188,9761.9969653249
587,Levron,1942,1942,VS,23,6036,0,0,0,388,0,0,18132279.3442383,19017.747467313,8720958.41796875,13195.2869189947
588,Praz-de-Fort,1943,1943,VS,23,6034,0,0,0,344,0,0,54557201.8452148,39483.4264431667,26353266.5205078,27460.599518094
589,La Fouly VS,1944,1944,VS,23,6034,0,0,0,172,0,0,165897775.168457,64329.0831962329,80308893.4572754,44755.6744307327
590,Liddes,1945,1945,VS,23,6033,0,1,0,742,134.77089,0,120957051.388184,61973.4783884021,58445276.7719727,43077.366150881
591,Bourg-St-Pierre,1946,1946,VS,23,6032,0,0,0,198,0,0,185854992.626465,64263.6303213668,89993867.8149414,44713.8965425592
592,Versegères,1947,1947,VS,23,6031,0,0,0,1298,0,0,18962727.5732422,28457.1659335057,9142313.15478516,19750.9638648439
593,Lourtier,1948,1948,VS,23,6031,0,0,0,696,0,0,477109988.194336,116063.151740267,230450761.617188,80650.3913607933
594,Sion 4,1950,1950,VS,23,6266,1,8,0.125,26722,29.93788,3.74223,36937381.847168,36595.3100345686,17685493.734375,25326.9427251667
595,Chamoson,1955,1955,VS,23,6022,0,1,0,3584,27.90179,0,26338635.7880859,30028.6086793207,12623310.9128418,20786.4537604872
596,Ardon,1957,1957,VS,23,6021,0,1,0,3220,31.0559,0,42644624.1538086,34262.1962586707,20416303.9345703,23704.3456720952
597,St-Léonard,1958,1958,VS,23,6246,0,2,0,4063,49.22471,0,13874291.4545898,19422.1775074922,6636780.3515625,13435.904201988
598,Vernamiège,1961,1961,VS,23,6090,0,0,0,247,0,0,15660686.2207031,19965.8992885517,7502878.45483398,13829.8907630598
599,Pont-de-la-Morge (Sion),1962,1962,VS,23,6266,0,0,0,981,0,0,5475215.06347656,12942.9498345755,2621106.93505859,8949.34231362918
600,Vétroz,1963,1963,VS,23,6025,0,1,0,6426,15.56178,0,21779511.1396484,39109.6194419097,10428492.3876953,27051.9184404513
601,Conthey,1964,1964,VS,23,6023,0,4,0,5735,69.74717,0,7424654.88964844,16455.5502461448,3555719.09399414,11382.6771556056
602,Savièse,1965,1965,VS,23,6265,0,6,0,7565,79.31262,0,146224196.319824,81224.1491143941,69798608.3457031,56114.0803122075
603,Ayent,1966,1966,VS,23,6082,0,1,0,3466,28.8517,0,31313909.703125,34434.3419919875,14958880.0568848,23788.5402269645
604,Bramois,1967,1967,VS,23,6266,0,1,0,3703,27.00513,0,8591502.44287109,13684.1130229822,4112599.71020508,9467.74832732404
605,Mase,1968,1968,VS,23,6090,0,0,0,313,0,0,22963167.9667969,24989.7324667638,11007823.5175781,17313.7404588903
606,Liez (St-Martin),1969,1969,VS,23,6087,0,0,0,721,0,0,52566365.6411133,36928.8132910071,25226027.1726074,25587.7164514641
607,Grimisuat,1971,1971,VS,23,6263,0,0,0,3442,0,0,9058690.72460938,14697.430755035,4332772.49536133,10166.2387228715
608,Anzère,1972,1972,VS,23,6082,0,0,0,629,0,0,86307047.1108398,50237.782898853,41151125.612793,34686.5730027537
609,Nax,1973,1973,VS,23,6090,0,0,0,621,0,0,50866680.0883789,46463.0836183107,24373426.5063477,32165.698788084
610,Arbaz,1974,1974,VS,23,6261,0,0,0,1323,0,0,38595331.6015625,30869.1376153506,18430215.0197754,21315.5166826147
611,St-Séverin,1975,1975,VS,23,6023,0,0,0,537,0,0,2514129.93554688,7692.89707787963,1203243.45654297,5320.13976581349
612,Aven,1976,1976,VS,23,6023,0,0,0,2540,0,0,167527075.695801,70780.8029647818,80072338.9362793,48937.0625519282
613,Icogne,1977,1977,VS,23,6239,0,0,0,453,0,0,50407394.6000977,51120.6683843928,24033873.2910156,35290.3923613277
614,Lens,1978,1978,VS,23,6240,0,0,0,1515,0,0,8016069.203125,13603.9456608588,3830526.92504883,9405.02573275393
615,Vex,1981,1981,VS,23,6089,0,0,0,1568,0,0,13913328.1938477,18890.7911737623,6666336.23339844,13073.5890248082
616,Euseigne,1982,1982,VS,23,6084,0,0,0,545,0,0,36571872.371582,32060.2897374316,17558961.6796875,22204.2550901352
617,Lanna,1983,1983,VS,23,6083,0,0,0,793,0,0,58718253.3955078,35284.4275437237,28225814.4299316,24465.6493519342
618,Les Haudères,1984,1984,VS,23,6083,0,0,0,562,0,0,62862526.5390625,35035.5727174708,30262476.0935059,24322.2515522957
619,La Sage,1985,1985,VS,23,6083,0,0,0,361,0,0,157457906.01416,62813.652589232,75879095.5812988,43572.3900030972
620,Arolla,1986,1986,VS,23,6083,0,0,0,69,0,0,156518219.745117,64146.881327271,75536579.6931152,44549.8301330055
621,Hérémence,1987,1987,VS,23,6084,0,0,0,1020,0,0,211565366.105957,83242.7740384341,101829580.575684,57709.0722751803
622,Les Collons,1988,1988,VS,23,6089,0,0,0,195,0,0,9425220.05859375,15062.1489945383,4520784.77832031,10425.1042536687
623,Pravidondaz (Salins),1991,1991,VS,23,6266,0,0,0,1138,0,0,5803818.83886719,11637.9994719501,2780615.52783203,8059.02425053251
624,La Vernaz (Les Agettes),1992,1992,VS,23,6266,0,0,0,546,0,0,15842717.5898438,23553.5951635062,7593591.55444336,16306.9851089528
625,Veysonnaz,1993,1993,VS,23,6267,0,0,0,819,0,0,10938929.7250977,16542.6984888335,5245056.82299805,11456.9300184669
626,Aproz (Nendaz),1994,1994,VS,23,6024,0,0,0,1196,0,0,2899491.47509766,9632.73843807959,1389396.44213867,6671.84008011543
627,Baar (Nendaz),1996,1996,VS,23,6024,0,0,0,2812,0,0,31728327.3076172,41723.35946499,15214701.2077637,28898.9919404067
628,Siviez (Nendaz),1997,1997,VS,23,6024,0,1,0,2875,34.78261,0,139326491.997559,77799.7342171692,66949065.8901367,53908.1541816746
629,Neuchâtel 2 Distribution,2000,2000,NE,24,6458,0,18,0,32695,55.05429,0,75539610.6347656,36858.4006734402,35165869.9829102,25150.4526743817
630,Auvernier,2012,2012,NE,24,6416,0,1,0,1687,59.27682,0,11533982.6791992,18388.4105530938,5372489.60546875,12556.8305819014
631,Colombier NE Caserne,2013,2013,NE,24,6416,0,1,0,5520,18.11594,0,15789846.0458984,24481.7665862073,7357487.97143555,16724.4771125929
632,Bôle,2014,2014,NE,24,6416,0,0,0,1860,0,0,5476800.93310547,11440.2718424901,2551542.55761719,7810.4021475776
633,Areuse,2015,2015,NE,24,6404,0,0,0,740,0,0,21242233.9594727,24845.0435645505,9905357.88525391,16972.345947506
634,Cortaillod,2016,2016,NE,24,6408,0,2,0,4857,41.17768,0,27430812.1586914,22353.302563854,12796273.0087891,15269.1869986983
635,Boudry,2017,2017,NE,24,6404,0,2,0,5234,38.21169,0,22536608.9570313,22000.9545272953,10505429.2001953,15025.333184456
636,Chambrelien,2019,2019,NE,24,6413,0,0,0,811,0,0,41692429.6601563,31102.8256274657,19410223.5231934,21221.0767094566
637,Bevaix,2022,2022,NE,24,6417,0,1,0,3739,26.74512,0,42649398.9116211,33617.3824207122,19903210.1621094,22969.6537825286
638,Gorgier,2023,2023,NE,24,6417,0,0,0,1031,0,0,22301841.1269531,24228.7419686342,10407388.2937012,16549.9513149831
639,St-Aubin-Sauges,2024,2024,NE,24,6417,0,2,0,2432,82.23684,0,24725491.440918,33056.2054497246,11548512.173584,22591.6408404236
640,Chez-le-Bart,2025,2025,NE,24,6417,0,0,0,901,0,0,26040407.1132813,21421.6375857078,12164301.4125977,14640.8604577075
641,Fresens,2027,2027,NE,24,6417,0,0,0,516,0,0,17014998.8305664,21443.3669341941,7945771.32128906,14647.0579355203
642,Vaumarcus,2028,2028,NE,24,6417,0,0,0,303,0,0,20619528.8266602,23028.493937607,9641964.82788086,15753.0831607986
643,Peseux,2034,2034,NE,24,6412,0,4,0,5633,71.01012,0,7274729.86523438,12204.1995070596,3385800.67529297,8324.81618906592
644,Corcelles NE,2035,2035,NE,24,6407,0,0,0,2829,0,0,10491748.137207,19785.8175966501,4884638.04492188,13506.3033357469
645,Cormondrèche,2036,2036,NE,24,6407,0,1,0,2193,45.59964,0,1743775.35302734,7122.44075981704,812037.885742188,4864.77319183004
646,Montmollin,2037,2037,NE,24,6487,0,0,0,1037,0,0,11024142.8681641,26766.7478658842,5130732.33862305,18266.9181800441
647,Valangin,2042,2042,NE,24,6485,0,0,0,514,0,0,8198008.80517578,15439.7985596592,3812921.82617188,10529.4030099708
648,Boudevilliers,2043,2043,NE,24,6487,0,0,0,918,0,0,15952650.7055664,18603.033970223,7415459.44116211,12686.9896830504
649,Fontaines NE,2046,2046,NE,24,6487,0,0,0,1072,0,0,8619717.50830078,14365.0171343517,4004755.87963867,9790.40073773582
650,Fontainemelon,2052,2052,NE,24,6487,0,0,0,1667,0,0,39796183.574707,39075.6359354147,18474383.5473633,26625.7359625081
651,Cernier,2053,2053,NE,24,6487,1,1,1,2659,37.60812,37.60812,5860162.95117188,12049.9517311329,2721043.91113281,8209.76877419522
652,Les Vieux-Prés,2054,2054,NE,24,6487,0,2,0,1864,107.29614,0,41422119.5283203,40042.4539419854,19216099.0305176,27271.5811809868
653,Dombresson,2056,2056,NE,24,6487,0,0,0,1679,0,0,11217005.6713867,16437.5837282594,5206200.7265625,11198.3192104827
654,Villiers,2057,2057,NE,24,6487,0,0,0,421,0,0,13038658.2797852,21485.9652017186,6049119.34375,14630.833497189
655,Le Pâquier NE,2058,2058,NE,24,6487,0,0,0,279,0,0,29016189.8432617,32457.250526209,13449589.0070801,22104.0174153189
656,Saules,2063,2063,NE,24,6487,0,0,0,976,0,0,15580993.2197266,24433.80843828,7240981.34912109,16653.8018878504
657,Savagnier,2065,2065,NE,24,6487,0,0,0,1090,0,0,13099623.7265625,17525.5434427813,6084233.27490234,11943.7871037258
658,Chaumont,2067,2067,NE,24,6458,0,0,0,482,0,0,20972817.7915039,33337.3927745636,9744759.06518555,22716.1663526694
659,Hauterive NE,2068,2068,NE,24,6454,0,0,0,2585,0,0,8004662.61865234,17367.7406427976,3723164.55932617,11841.6292989978
660,St-Blaise,2072,2072,NE,24,6459,0,1,0,3346,29.88643,0,30237110.6137695,35053.5868825665,14052200.8864746,23891.1898944956
661,Enges,2073,2073,NE,24,6453,0,0,0,287,0,0,20538327.2036133,24938.2015568367,9531710.4284668,16984.7915516158
662,Marin-Epagnier,2074,2074,NE,24,6461,0,1,0,3971,25.18257,0,20872631.8652344,21543.3774198101,9712976.83178711,14695.3637679644
663,Thielle,2075,2075,NE,24,6461,0,0,0,812,0,0,4613745.13134766,10482.5622673866,2145322.87060547,7146.71229219076
664,Cornaux NE,2087,2087,NE,24,6451,0,0,0,1554,0,0,8061246.34472656,13959.0356851471,3746396.00292969,9515.97481011668
665,Cressier NE,2088,2088,NE,24,6452,0,1,0,1842,54.28882,0,10429363.2353516,15297.9009201337,4844372.97167969,10426.9182876841
666,Noiraigue,2103,2103,NE,24,6512,0,0,0,518,0,0,18093620.2446289,22227.6333306361,8435704.62426758,15181.6030911455
667,Travers,2105,2105,NE,24,6512,0,0,0,1220,0,0,49458938.0874023,34002.8282470589,23060237.7800293,23219.356507919
668,Couvet,2108,2108,NE,24,6512,0,0,0,2845,0,0,63004198.1364746,55893.2742244873,29407510.9577637,38179.6642206999
669,Môtiers NE,2112,2112,NE,24,6512,0,0,0,815,0,0,9863140.59521484,16235.3983538923,4606054.96411133,11092.1147848505
670,Boveresse,2113,2113,NE,24,6512,0,0,0,351,0,0,7527618.47460938,12031.8740777228,3513797.34399414,8220.24228543243
671,Fleurier,2114,2114,NE,24,6512,0,0,0,3340,0,0,17411750.7470703,19782.8560672018,8134068.33374023,13523.2972941287
672,Buttes,2115,2115,NE,24,6512,0,1,0,535,186.91589,0,24606125.5239258,25883.1330330004,11501672.7385254,17699.1422650382
673,Mont-de-Buttes,2116,2116,NE,24,6512,0,0,0,95,0,0,16810551.3657227,20361.4423225013,7855196.80395508,13919.053876816
674,La Côte-aux-Fées,2117,2117,NE,24,6504,0,0,0,478,0,0,25473999.8840332,19922.1256875021,11914510.3671875,13626.7957595819
675,St-Sulpice NE,2123,2123,NE,24,6512,0,0,0,628,0,0,9346406.06152344,12595.5969614546,4364028.97436523,8607.0176714229
676,Les Sagnettes,2124,2124,NE,24,6512,0,0,0,69,0,0,22992529.2285156,30188.733896474,10723497.1020508,20621.9246450313
677,Les Verrières,2126,2126,NE,24,6511,0,0,0,691,0,0,60311784.1811523,39082.050841517,28154601.9091797,26693.0470596369
678,Les Bayards,2127,2127,NE,24,6512,0,0,0,425,0,0,48335500.0769043,34688.5350144463,22555018.751709,23698.8343844965
679,Champ-du-Moulin,2149,2149,NE,24,6413,0,0,0,124,0,0,18352113.1962891,18987.2897957489,8553781.59008789,12965.1359228999
680,Les Geneveys-sur-Coffrane,2206,2206,NE,24,6487,0,0,0,1973,0,0,23247845.3720703,23278.9617808892,10810673.6381836,15875.5194165914
681,Coffrane,2207,2207,NE,24,6487,0,0,0,687,0,0,9003409.76464844,16058.5303218624,4188329.91992188,10954.1486375343
682,Les Hauts-Geneveys,2208,2208,NE,24,6487,0,0,0,1013,0,0,13407830.7211914,20209.0056515236,6229554.05224609,13774.7414288596
683,La Chaux-de-Fonds 1,2300,2300,NE,24,6421,0,8,0,37417,21.38066,0,106562683.02002,49376.1849741467,49378707.0854492,33601.1923408267
684,La Sagne NE,2314,2314,NE,24,6423,0,0,0,1080,0,0,57323248.840332,37270.1649449001,26627744.6162109,25400.5733100785
685,Petit-Martel,2316,2316,NE,24,6437,0,0,0,1268,0,0,37544117.9609375,33975.2300879311,17473263.1643066,23184.6646687547
686,Brot-Plamboz,2318,2318,NE,24,6433,0,0,0,340,0,0,40575034.1572266,35722.6810965282,18893187.3339844,24381.121707233
687,Le Crêt-du-Locle,2322,2322,NE,24,6421,0,1,0,293,341.29693,0,11185056.8813477,17788.0549575152,5189348.06567383,12114.013448788
688,Les Planchettes,2325,2325,NE,24,6422,0,0,0,245,0,0,25295327.0742188,23717.7973795927,11723645.0368652,16152.3726614597
689,La Cibourg,2333,2333,BE,2,435,0,0,0,660,0,0,42029883.4658203,41754.7498756973,19449500.0153809,28398.2227153746
690,Les Bois,2336,2336,JU,26,6742,0,0,0,1274,0,0,53014315.3881836,36641.56186507,24505408.4047852,24913.0050723499
691,Muriaux,2338,2338,JU,26,6753,0,0,0,361,0,0,20848718.1992188,23794.543413022,9616659.36376953,16163.1162324985
692,Le Noirmont Distribution,2340,2340,JU,26,6754,0,0,0,1848,0,0,40960469.7021484,31196.7140403883,18908375.1691895,21202.2989411412
693,Le Cerneux-Veusil,2345,2345,JU,26,6753,0,0,0,1862,0,0,61202444.7851563,44211.4178284133,28268813.6259766,30047.4256323995
694,Saignelégier,2350,2350,JU,26,6757,0,1,0,2326,42.99226,0,25149208.5483398,29409.8916431585,11596241.8532715,19974.228379471
695,Les Pommerats,2353,2353,JU,26,6757,0,0,0,271,0,0,30927353.0932617,38411.1158916741,14242276.8122559,26076.8856061252
696,Goumois,2354,2354,JU,26,6757,0,0,0,96,0,0,18349075.1977539,30465.8615063577,8453880.46289063,20678.8091751981
697,Le Bémont JU,2360,2360,JU,26,6741,0,0,0,323,0,0,24828967.2475586,29648.8901872827,11441568.2399902,20129.4717820076
698,Montfaucon,2362,2362,JU,26,6751,0,0,0,632,0,0,38237690.4379883,47966.9064904745,17609357.2333984,32554.4674458059
699,Les Enfers,2363,2363,JU,26,6745,0,0,0,121,0,0,10312882.3188477,17036.6712320157,4747345.875,11563.9330486974
700,St-Brais,2364,2364,JU,26,6758,0,0,0,235,0,0,27994161.5014648,33848.3303447018,12878884.744873,22964.6639456572
701,Le Locle,2400,2400,NE,24,6436,0,4,0,10258,38.99396,0,52787921.6899414,38423.5661162352,24516764.1171875,26181.611927565
702,La Chaux-du-Milieu,2405,2405,NE,24,6435,0,0,0,515,0,0,35441619.4887695,29392.9082540917,16488944.5065918,20052.9967614196
703,Les Taillères,2406,2406,NE,24,6432,0,0,0,756,0,0,110199045.947754,60041.3421628352,51345142.1660156,41005.8092516212
704,Le Cerneux-Péquignot,2414,2414,NE,24,6434,0,0,0,289,0,0,27412226.9807129,27894.7871766783,12747972.9780273,19030.8829792714
705,Les Brenets,2416,2416,NE,24,6431,0,0,0,1086,0,0,24269582.9663086,26798.5206515471,11262416.9189453,18260.312889774
706,Biel/Bienne,2502,2500,BE,2,371,0,27,0,18255,147.90468,0,13651119.4990234,22945.3695272746,6317334.8347168,15612.9330698047
707,Biel/Bienne,2503,2500,BE,2,371,0,12,0,17909,67.00542,0,6803763.68115234,16438.5846935795,3150534.32983398,11188.270068086
708,Biel/Bienne,2504,2500,BE,2,371,0,7,0,17112,40.90697,0,21497789.4614258,27122.0653832514,9945418.16796875,18451.6076138401
709,Biel/Bienne,2505,2500,BE,2,371,0,3,0,783,383.14176,0,4955670.36669922,11416.1153117371,2294642.78295898,7769.2353888507
710,Tüscherz-Alfermée,2512,2512,BE,2,756,0,0,0,357,0,0,7603658.42822266,13332.1595844064,3522251.51147461,9073.07792499514
711,Twann,2513,2513,BE,2,756,0,0,0,842,0,0,13747141.3168945,16969.2482267465,6371951.60864258,11554.7371810017
712,Ligerz,2514,2514,BE,2,740,0,0,0,592,0,0,4807675.67382813,13705.5701600233,2229665.72192383,9333.15890656836
713,Prêles,2515,2515,BE,2,726,0,1,0,919,108.81393,0,14845882.2729492,21419.7330766852,6884023.96533203,14588.0115477286
714,Lamboing,2516,2516,BE,2,726,0,2,0,740,270.27027,0,23770222.3583984,26849.552295579,11009851.6577148,18276.5188875317
715,Diesse,2517,2517,BE,2,726,0,3,0,446,672.64574,0,20487821.9663086,23871.6735082126,9491412.61181641,16249.3661248164
716,Nods,2518,2518,BE,2,724,0,0,0,761,0,0,52087904.1435547,38962.4852428617,24130310.8234863,26528.7793066102
717,La Neuveville Distribution,2520,2520,BE,2,723,0,7,0,3613,193.74481,0,14242559.7998047,20540.1348047971,6609413.62744141,13994.629471449
718,Lignières,2523,2523,NE,24,6456,0,0,0,1030,0,0,39553006.4086914,43888.4565249197,18344218.4240723,29891.5455939388
719,Le Landeron,2525,2525,NE,24,6455,0,4,0,4667,85.70816,0,17656683.387207,20173.325475143,8197975.55566406,13747.0404407061
720,Magglingen/Macolin,2532,2532,BE,2,372,0,3,0,596,503.3557,0,5032270.73583984,11881.7914984547,2329386.38378906,8086.21962984746
721,Evilard,2533,2533,BE,2,372,0,2,0,1999,100.05003,0,3042870.41699219,8935.77580388703,1408050.09814453,6081.03491277728
722,Les Prés-d'Orvin,2534,2534,BE,2,438,0,1,0,1305,76.62835,0,56967452.84375,38639.4979726664,26355770.9597168,26298.0837052736
723,Frinvillier,2535,2535,BE,2,449,0,0,0,209,0,0,700155.462890625,5348.84474797632,323762.740722656,3638.80892723011
724,Plagne,2536,2536,BE,2,449,0,3,0,447,671.14094,0,19313566.8305664,25716.994687294,8923858.72802734,17488.3136619365
725,Vauffelin,2537,2537,BE,2,449,0,3,0,211,1421.80095,0,10917255.824707,22551.9038489604,5045560.11254883,15337.437345183
726,Romont BE,2538,2538,BE,2,442,0,0,0,187,0,0,10848280.2016602,22960.130667603,5011912.87915039,15612.7676550392
727,Grenchen 1,2540,2540,SO,11,2546,0,3,0,17104,17.53976,0,56449382.6137695,43867.9054230581,26076105.4331055,29813.4489182805
728,Pieterlen,2542,2542,BE,2,392,0,0,0,4443,0,0,18188735.4199219,21139.3348590472,8409494.19628906,14380.236515029
729,Lengnau BE,2543,2543,BE,2,387,0,0,0,5401,0,0,15904076.7861328,23146.4852992032,7350945.14990234,15731.3747650081
730,Bettlach,2544,2544,SO,11,2543,0,0,0,4881,0,0,26319837.7163086,28461.8492188368,12152888.2524414,19337.757945105
731,Selzach,2545,2545,SO,11,2556,0,2,0,3431,58.29204,0,41955469.4130859,39960.1098414116,19366097.2919922,27151.0560252537
732,Orpund,2552,2552,BE,2,744,0,1,0,3022,33.09067,0,8558173.13818359,15748.7911855231,3961510.56396484,10717.701365929
733,Safnern,2553,2553,BE,2,746,0,3,0,1869,160.51364,0,12328272.8950195,16573.4010186125,5704490.63037109,11272.9091701564
734,Meinisberg,2554,2554,BE,2,390,0,1,0,1301,76.86395,0,9535929.29052734,16972.4695982583,4410824.29174805,11548.7199956933
735,Brügg BE,2555,2555,BE,2,733,0,3,0,4375,68.57143,0,10309385.9780273,18260.5613198245,4774546.37353516,12431.6803273004
736,Schwadernau,2556,2556,BE,2,748,0,1,0,1103,90.66183,0,13538176.0083008,18835.7221868905,6270252.74243164,12821.0895582885
737,Studen BE,2557,2557,BE,2,749,0,1,0,3122,32.03075,0,5962544.39208984,13687.7115899158,2763033.24121094,9320.25845950249
738,Aegerten,2558,2558,BE,2,731,0,0,0,2198,0,0,4763350.23193359,9434.22595451858,2206964.24316406,6422.80125413018
739,Nidau,2560,2560,BE,2,743,0,14,0,7460,187.66756,0,4046447.27978516,9305.29844812642,1874285.62573242,6333.89071641639
740,Port,2562,2562,BE,2,745,0,3,0,3342,89.76661,0,5053119.71435547,11454.1656065357,2341526.59521484,7800.38229361068
741,Ipsach,2563,2563,BE,2,739,0,6,0,4207,142.61944,0,4827032.42529297,10093.890303384,2236648.60009766,6870.5138477615
742,Bellmund,2564,2564,BE,2,732,0,2,0,1621,123.38063,0,7729911.73876953,18726.4740059864,3583384.50097656,12751.6254609216
743,Jens,2565,2565,BE,2,738,0,2,0,665,300.75188,0,9950652.5390625,17391.7580096181,4613547.08764648,11845.4619872798
744,Sutz,2572,2572,BE,2,750,0,4,0,2310,173.16017,0,13928236.2480469,18316.9106878966,6458886.13916016,12467.3963389113
745,Hagneck,2575,2575,BE,2,736,0,7,0,3284,213.15469,0,14439135.050293,22005.0520611195,6703738.21801758,14992.9608131281
746,Lüscherz,2576,2576,BE,2,497,0,0,0,571,0,0,13627868.9521484,26268.3040576139,6331227.15112305,17907.2893563308
747,Finsterhennen,2577,2577,BE,2,493,0,0,0,1161,0,0,19603017.5410156,23059.69752272,9112572.28662109,15724.0313249558
748,Péry,2603,2603,BE,2,450,0,1,0,1414,70.72136,0,35810164.9375,38594.8103796523,16540450.2634277,26243.1061863553
749,La Heutte,2604,2604,BE,2,450,0,0,0,491,0,0,16389049.6538086,17072.3625486169,7573113.32519531,11602.1546824227
750,Sonceboz-Sombeval,2605,2605,BE,2,444,0,1,0,1917,52.16484,0,25854236.8061523,25855.4713500785,11946973.3920898,17577.1097648624
751,Corgémont,2606,2606,BE,2,431,0,3,0,1641,182.81536,0,19830297.7641602,22135.9064468369,9161908.82275391,15048.6625709484
752,Cortébert,2607,2607,BE,2,433,0,0,0,662,0,0,11686306.996582,15172.8971833988,5399888.17602539,10314.2276760345
753,Courtelary,2608,2608,BE,2,434,0,2,0,1452,137.74105,0,69738974.7006836,44472.0122697094,32253089.2233887,30252.2333191376
754,St-Imier,2610,2610,BE,2,443,0,1,0,5382,18.58045,0,82639637.4086914,77112.7344134922,38223777.6164551,52446.9337189204
755,Cormoret,2612,2612,BE,2,432,0,0,0,467,0,0,10147393.5585938,13387.5764825748,4692483.05151367,9101.80763700346
756,Villeret,2613,2613,BE,2,448,0,1,0,854,117.09602,0,21866316.6928711,22843.6808828344,10119114.1931152,15534.9991090505
757,Montagne-de-Sonvilier,2615,2615,BE,2,445,0,0,0,1049,0,0,26458716.1938477,23356.3020084692,12253304.0908203,15897.9419313616
758,Renan BE,2616,2616,BE,2,441,0,0,0,982,0,0,30758142.7788086,33804.6451171656,14255217.0234375,23014.8971114409
759,Tavannes,2710,2710,BE,2,713,0,0,0,3534,0,0,27602097.8994141,27126.0837579342,12738766.965332,18435.404134118
760,Le Fuet,2712,2712,BE,2,706,0,1,0,364,274.72527,0,16970130.6103516,23973.6681833272,7824126.13256836,16282.0842094492
761,Bellelay,2713,2713,BE,2,706,0,0,0,164,0,0,9050675.53076172,15208.3691775118,4170463.81665039,10325.7139414857
762,Les Genevez JU,2714,2714,JU,26,6748,0,0,0,521,0,0,29566111.1972656,29017.4793133983,13628725.8432617,19706.7981139837
763,Châtelat-Monible,2715,2715,BE,2,716,0,0,0,71,0,0,12197214.0063477,19656.3794487017,5618006.54467773,13344.0829788996
764,Sornetan,2716,2716,BE,2,716,0,0,0,165,0,0,12387374.2446289,19531.2091106695,5706084.97290039,13257.9039499038
765,Rebévelier,2717,2717,BE,2,715,0,0,0,78,0,0,10545900.0751953,19860.106108349,4855343.4597168,13484.2850130493
766,Lajoux JU,2718,2718,JU,26,6750,0,0,0,697,0,0,29270011.9042969,27983.1634686738,13479578.90625,18997.9243762758
767,Tramelan Distribution,2720,2720,BE,2,446,1,5,0.2,4277,116.90437,23.38087,51038292.1083984,40543.8217021512,23554737.7888184,27558.7747746893
768,Les Reussilles,2722,2722,BE,2,446,0,1,0,464,215.51724,0,22507705.2514648,23765.0735673644,10385266.0935059,16143.1984170457
769,Mont-Tramelan,2723,2723,BE,2,437,0,0,0,144,0,0,13423642.0629883,26253.9715412178,6198610.16381836,17845.2279681243
770,Reconvilier,2732,2732,BE,2,703,0,1,0,2955,33.84095,0,42636419.8393555,36631.5258200735,19666134.1181641,24878.7907839757
771,Pontenet,2733,2733,BE,2,717,0,0,0,214,0,0,5964640.3671875,15645.1471612367,2749885.77270508,10620.049114185
772,Bévilard,2735,2735,BE,2,717,0,10,0,3908,255.88536,0,53330635.2641602,49546.0112286314,24592645.6000977,33654.8961822636
773,Sorvilier,2736,2736,BE,2,711,0,0,0,293,0,0,14951193.5634766,19272.2524339597,6897587.62719727,13089.0610805341
774,Court,2738,2738,BE,2,690,0,3,0,1429,209.93702,0,50757889.7099609,38165.1710096116,23410171.3918457,25926.1796252596
775,Moutier,2740,2740,BE,2,700,0,7,0,7336,95.41985,0,44560983.7636719,43630.9436370645,20522512.0202637,29614.1465557353
776,Perrefitte,2742,2742,BE,2,701,0,0,0,492,0,0,16642241.8647461,22102.4902689886,7664701.12402344,15010.0642838061
777,Eschert,2743,2743,BE,2,692,2,3,0.666666666666667,383,783.28982,522.19321,14152327.8413086,17996.1057927943,6520842.20483398,12214.1948334129
778,Belprahon,2744,2744,BE,2,681,0,0,0,302,0,0,8336685.65625,12357.6720906634,3837616.70068359,8384.1295477457
779,Grandval,2745,2745,BE,2,694,0,0,0,411,0,0,17915823.9311523,23999.9073897242,8249342.79174805,16279.2575087558
780,Crémines,2746,2746,BE,2,691,0,0,0,516,0,0,18438850.324707,34341.5877717565,8489684.44458008,23303.2790747008
781,Corcelles BE,2747,2747,BE,2,687,0,0,0,288,0,0,36769351.9589844,38344.3798276248,16920786.215332,26022.1803458185
782,Les Ecorcheresses,2748,2748,BE,2,716,0,0,0,163,0,0,27677166.6499023,25242.7825644387,12747197.4775391,17136.4900814323
783,Roches BE,2762,2762,BE,2,704,0,0,0,201,0,0,19275291.9916992,22366.4820050876,8868606.16308594,15183.8867943367
784,Delémont,2800,2800,JU,26,6711,0,3,0,12694,23.63321,0,41994684.3208008,32325.4448577319,19272860.1779785,21903.7168110255
785,Develier,2802,2802,JU,26,6712,0,0,0,1363,0,0,26843214.402832,21499.8963720777,12322548.2346191,14572.4766617365
786,Bourrignon,2803,2803,JU,26,6703,0,0,0,273,0,0,30021849.6040039,26394.4181092689,13766839.6853027,17879.3534106713
787,Soyhières,2805,2805,JU,26,6724,0,0,0,433,0,0,24452079.1870117,25010.7086194939,11211864.6706543,16942.4926448803
788,Mettembert,2806,2806,JU,26,6716,0,0,0,138,0,0,12257450.9438477,21481.3968768873,5620838.43408203,14560.4357365988
789,Lucelle,2807,2807,JU,26,6719,0,0,0,368,0,0,32619984.175293,31994.9403546957,14945987.1923828,21659.1970671999
790,Movelier,2812,2812,JU,26,6718,0,0,0,422,0,0,17197481.7890625,20949.369351997,7881205.17602539,14189.6882811053
791,Ederswiler,2813,2813,JU,26,6713,0,0,0,158,0,0,14459558.3369141,20470.3959226725,6622424.890625,13859.3959879163
792,Roggenburg,2814,2814,BL,13,2790,0,0,0,266,0,0,14691232.980957,19043.4164808248,6728211.71606445,12893.0175821317
793,Courroux,2822,2822,JU,26,6709,0,1,0,2827,35.37319,0,16365174.4121094,26702.2427671464,7511864.81396484,18093.4405613452
794,Courcelon,2823,2823,JU,26,6709,0,0,0,434,0,0,16648656.8706055,21972.5614035704,7641941.52148438,14889.5721243978
795,Vicques,2824,2824,JU,26,6730,0,0,0,1857,0,0,26953357.8251953,27414.0141286071,12379089.2807617,18572.4495655833
796,Courchapoix,2825,2825,JU,26,6706,0,0,0,435,0,0,13821273.3579102,18546.1051877847,6348452.40893555,12560.2906429562
797,Corban,2826,2826,JU,26,6730,0,0,0,500,0,0,17254873.8925781,19295.0789358162,7924272.12988281,13071.907663434
798,Mervelier,2827,2827,JU,26,6715,0,0,0,558,0,0,35849555.8666992,27709.4468410098,16473919.380127,18791.7077145581
799,Montsevelier,2828,2828,JU,26,6730,0,0,0,504,0,0,16789740.8457031,18491.4043057522,7708720.15722656,12533.8099007631
800,Vermes,2829,2829,JU,26,6730,0,0,0,405,0,0,40029599.7358398,31719.1688374457,18406936.1630859,21526.4399445499
801,Vellerat,2830,2830,JU,26,6708,0,0,0,3133,0,0,29800992.184082,27869.0411622938,13697290.9853516,18890.4615168089
802,Rebeuvelier,2832,2832,JU,26,6708,0,0,0,401,0,0,19361152.3291016,19577.4865997727,8902360.12158203,13276.6898029222
803,Rossemaison,2842,2842,JU,26,6721,0,0,0,648,0,0,4018074.44189453,9020.21286648658,1845938.16821289,6113.4979628402
804,Châtillon JU,2843,2843,JU,26,6704,0,0,0,480,0,0,11417614.668457,16073.6166674606,5249719.56982422,10894.6458037853
805,Courtételle,2852,2852,JU,26,6710,0,1,0,2613,38.27019,0,29574016.2983398,26867.1500390075,13592930.4645996,18209.3938461452
806,Courfaivre,2853,2853,JU,26,6729,0,1,0,1734,57.67013,0,27209601.4692383,24467.7654846764,12506991.385498,16586.9150513712
807,Bassecourt,2854,2854,JU,26,6729,0,0,0,3511,0,0,32458657.8745117,30161.2951738769,14916213.5224609,20444.4248820142
808,Glovelier,2855,2855,JU,26,6729,0,0,0,1230,0,0,31319761.1806641,30445.4025094503,14397909.1398926,20645.6719895048
809,Boécourt,2856,2856,JU,26,6702,0,0,0,760,0,0,15374630.8242188,20197.2467208686,7060397.46313477,13685.3284449172
810,Montavon,2857,2857,JU,26,6702,0,0,0,166,0,0,10876328.4521484,15929.2928504997,4991535.28955078,10792.1995565821
811,Undervelier,2863,2863,JU,26,6729,0,0,0,282,0,0,28291473.9741211,35164.4375750892,13017212.4147949,23863.6440176755
812,Soulce,2864,2864,JU,26,6729,0,0,0,219,0,0,31305808.9208984,28316.2848522,14405964.1875,19223.1839503737
813,Saulcy,2873,2873,JU,26,6722,0,0,0,266,0,0,16511057.5419922,22754.3083287143,7596976.296875,15441.0923961899
814,St-Ursanne,2882,2882,JU,26,6808,0,0,0,717,0,0,31117322.2641602,43920.5810767723,14285590.6086426,29767.4127748009
815,Montmelon,2883,2883,JU,26,6808,0,0,0,107,0,0,27633790.5712891,42983.0016524091,12692337.0307617,29136.0005241827
816,Montenol,2884,2884,JU,26,6808,0,0,0,86,0,0,5135552.22021484,15481.2886816384,2358609.28588867,10493.9779434846
817,Epauvillers,2885,2885,JU,26,6808,0,0,0,165,0,0,20029564.4755859,22204.7270163155,9204338.30419922,15057.8101778596
818,Epiquerez,2886,2886,JU,26,6808,0,0,0,83,0,0,19161725.5458984,27754.43520223,8808845.5769043,18827.9389858227
819,Soubey,2887,2887,JU,26,6759,0,0,0,142,0,0,29320062.8876953,26798.776928112,13486972.333252,18180.4393495897
820,Seleute,2888,2888,JU,26,6808,0,0,0,59,0,0,11066358.9956055,16538.4174705694,5079416.83422852,11209.63978656
821,Ocourt,2889,2889,JU,26,6808,0,0,0,138,0,0,25386462.7529297,26385.7139239076,11658018.7416992,17887.0071840933
822,Porrentruy,2900,2900,JU,26,6800,0,1,0,6649,15.03986,0,32042627.9174805,29697.9131595089,14678158.6442871,20101.7089107863
823,Fontenais,2902,2902,JU,26,6790,0,1,0,1060,94.33962,0,8040300.72265625,14899.8154593773,3686053.98291016,10087.1063584363
824,Villars-sur-Fontenais,2903,2903,JU,26,6790,0,0,0,224,0,0,14845419.0493164,17158.498691398,6810646.25317383,11621.5201095474
825,Bressaucourt,2904,2904,JU,26,6790,0,2,0,404,495.0495,0,20730751.3100586,19240.3395096852,9509623.73754883,13032.0211880858
826,Courtedoux,2905,2905,JU,26,6785,0,0,0,771,0,0,17719443.7431641,19566.3850624446,8119570.12353516,13246.5327108152
827,Chevenez,2906,2906,JU,26,6809,0,0,0,645,0,0,45720561.1806641,29943.7585602962,20966389.994873,20272.910320198
828,Rocourt,2907,2907,JU,26,6809,0,0,0,163,0,0,9788374.47119141,14944.5664514002,4489735.40795898,10115.1253952708
829,Grandfontaine,2908,2908,JU,26,6792,0,0,0,411,0,0,19549104.6352539,25716.2866327019,8965011.66894531,17417.0111259503
830,Réclère,2912,2912,JU,26,6809,0,0,0,233,0,0,22868739.9990234,27371.085205922,10496936.9951172,18551.4261035803
831,Damvant,2914,2914,JU,26,6809,0,0,0,115,0,0,10941297.390625,14889.650967211,5022043.22900391,10084.8044985727
832,Bure,2915,2915,JU,26,6778,0,0,0,673,0,0,30154259.9575195,25957.1527417261,13804204.434082,17562.5373791141
833,Fahy,2916,2916,JU,26,6789,0,0,0,367,0,0,17038820.9858398,17141.4452612423,7805610.73339844,11599.4277768518
834,Courchavon,2922,2922,JU,26,6783,0,0,0,303,0,0,13581084.9628906,16905.4086633851,6217365.01831055,11440.6627459944
835,Courtemaîche,2923,2923,JU,26,6807,0,0,0,617,0,0,19653169.6445313,19169.1038942594,8990436.57348633,12968.767600946
836,Montignez,2924,2924,JU,26,6807,0,0,0,214,0,0,12768216.0366211,16716.1984144297,5835276.9453125,11301.5672667547
837,Buix,2925,2925,JU,26,6807,0,0,0,431,0,0,17886422.6826172,21176.7754359572,8176845.68847656,14317.3966813548
838,Boncourt,2926,2926,JU,26,6774,0,1,0,1250,80,0,19660125.8535156,20812.7327236573,8983531.2746582,14069.6522031532
839,Coeuve,2932,2932,JU,26,6781,0,0,0,750,0,0,25442347.5229492,21296.1606424703,11641144.5522461,14408.2733890424
840,Damphreux,2933,2933,JU,26,6787,0,1,0,381,262.46719,0,23448520.9995117,22546.6007958212,10718092.901123,15248.0511366097
841,Beurnevésin,2935,2935,JU,26,6773,0,0,0,135,0,0,11357371.5419922,14464.5741935494,5188789.1940918,9779.93739127681
842,Alle,2942,2942,JU,26,6771,0,0,0,1856,0,0,23172086.4677734,20483.8879751496,10611890.864502,13861.6167475113
843,Vendlincourt,2943,2943,JU,26,6806,0,0,0,548,0,0,19943109.6572266,22034.8796143472,9125080.41040039,14907.6141871274
844,Bonfol,2944,2944,JU,26,6775,0,0,0,677,0,0,29694319.456543,26981.3079780963,13574826.9638672,18251.5074659675
845,Miécourt,2946,2946,JU,26,6810,0,0,0,448,0,0,14151911.7680664,16011.4033501893,6480402.3762207,10835.4452421487
846,Charmoille,2947,2947,JU,26,6810,0,0,0,312,0,0,18566788.7958984,21496.6498501639,8503219.07055664,14550.2706127883
847,Courgenay,2950,2950,JU,26,6784,0,1,0,2325,43.01075,0,40264022.0942383,31472.0526185922,18463880.8510742,21316.0626566378
848,Cornol,2952,2952,JU,26,6782,0,2,0,1024,195.3125,0,22867008.4140625,19812.2741347728,10481504.1474609,13411.5636769508
849,Fregiécourt-Pleujouse,2953,2953,JU,26,6810,0,0,0,260,0,0,11443408.3007813,18932.3566656067,5243959.65454102,12818.8938108643
850,Asuel,2954,2954,JU,26,6810,0,0,0,208,0,0,22134568.3012695,22185.3539308638,10150960.9907227,15022.8611163747
851,Bern,3004,3000,BE,2,351,0,8,0,3597,222.40756,0,5479157.16162109,15305.5710464528,2552030.28369141,10444.554262192
852,Bern,3005,3000,BE,2,351,0,16,0,4882,327.73454,0,3491527.21240234,7697.15369673332,1628395.3293457,5257.63852182514
853,Bern,3006,3000,BE,2,351,0,59,0,19257,306.38209,0,10602986.9282227,18872.3746164918,4943918.09130859,12885.6320188712
854,Bern,3007,3000,BE,2,351,1,54,0.0185185185185185,16040,336.65835,6.23441,4129945.0703125,14196.1824156549,1926232.89306641,9695.08704246273
855,Bern,3008,3000,BE,2,351,0,31,0,9760,317.62295,0,7711886.51025391,21163.3830761547,3596184.43261719,14449.8460138777
856,Bern,3010,3000,BE,2,351,0,0,0,138,0,0,277697.544921875,2378.00696798593,129477.128173828,1624.33408334138
857,Bern,3011,3000,BE,2,351,0,7,0,4443,157.5512,0,2080440.16113281,9914.62443878432,969998.951660156,6771.25220084418
858,Bern,3012,3000,BE,2,351,0,41,0,14060,291.6074,0,11121471.0805664,14066.643428516,5182842.03417969,9604.50273384117
859,Bern,3013,3000,BE,2,351,0,42,0,11857,354.22114,0,2752452.31982422,10362.4514399216,1282991.43286133,7072.86825498918
860,Bern,3014,3000,BE,2,351,0,54,0,12691,425.49838,0,6641129.22314453,13387.7958786452,3094579.80371094,9138.30361804376
861,Bern,3015,3000,BE,2,351,0,8,0,2743,291.65148,0,1641561.35400391,6178.09277388009,765595.361816406,4222.41791943883
862,Bern,3018,3000,BE,2,351,0,23,0,18354,125.31328,0,11036237.1323242,16627.3409609362,5147896.86865234,11357.7007764809
863,Bern,3019,3000,BE,2,351,0,1,0,897,111.48272,0,11708297.2773438,16728.0129412223,5462079.63671875,11430.8690537173
864,Bern,3020,3000,BE,2,351,0,0,0,540,0,0,14337127.9609375,22375.7428554858,6687324.39819336,15286.6676030885
865,Bern,3027,3000,BE,2,351,1,15,0.0666666666666667,13275,112.99435,7.53296,13965636.4648438,18949.959495869,6510089.64941406,12941.4570868418
866,Hinterkappelen,3032,3032,BE,2,360,0,14,0,4649,301.14003,0,8765079.18359375,13518.5070092371,4083700.41455078,9230.90654158589
867,Wohlen b. Bern,3033,3033,BE,2,360,0,5,0,1714,291.71529,0,13480244.5625,17059.787079964,6278960.24609375,11644.9745346263
868,Murzelen,3034,3034,BE,2,360,0,0,0,291,0,0,16670004.8051758,22223.3385591612,7764046.4284668,15168.9862524243
869,Frieswil,3035,3035,BE,2,312,0,0,0,253,0,0,7196583.55175781,12916.9790019502,3349846.16821289,8811.22304905014
870,Detligen,3036,3036,BE,2,309,0,6,0,993,604.22961,0,23437015.3725586,25369.0864186238,10908674.3100586,17311.2220073035
871,Herrenschwanden,3037,3037,BE,2,354,0,2,0,1837,108.87316,0,3691167.55517578,12714.5104554111,1719146.58789063,8682.0018688243
872,Kirchlindach,3038,3038,BE,2,354,0,1,0,1463,68.3527,0,22363834.4311523,23590.9639864033,10406199.498291,16093.6378790185
873,Ortschwaben,3042,3042,BE,2,307,0,2,0,722,277.00831,0,2639976.578125,9387.41715734356,1228871.39111328,6405.87346651333
874,Uettligen,3043,3043,BE,2,360,0,5,0,1802,277.46948,0,20830681.1625977,26751.9845557385,9698277.83374023,18260.4463581365
875,Innerberg,3044,3044,BE,2,360,0,2,0,620,322.58065,0,5382173.74023438,10735.5298489489,2504928.89868164,7326.28018730196
876,Meikirch,3045,3045,BE,2,307,0,2,0,1244,160.7717,0,14653216.2260742,19947.2773103493,6816366.45336914,13608.754770734
877,Wahlendorf,3046,3046,BE,2,307,0,1,0,472,211.86441,0,5113510.07714844,11447.9621749893,2378773.02099609,7813.36292539076
878,Bremgarten b. Bern,3047,3047,BE,2,353,0,7,0,4131,169.4505,0,4086669.67724609,10888.0777248789,1903243.07641602,7429.02136325406
879,Worblaufen,3048,3048,BE,2,362,1,2,0.5,1789,111.7943,55.89715,2479967.74023438,10186.8616590179,1154912.48193359,6950.51290654719
880,Säriswil,3049,3049,BE,2,360,0,6,0,618,970.87379,0,9675419.33837891,16476.2335474866,4503481.55200195,11244.7453897862
881,Zollikofen,3052,3052,BE,2,361,1,13,0.0769230769230769,11357,114.46685,8.80514,13878535.5756836,23972.0672607746,6459256.38183594,16349.5876473008
882,Wiggiswil,3053,3053,BE,2,553,0,34,0,9867,344.58295,0,34456950.2016602,33974.542520706,16019316.7385254,23168.7082559601
883,Schüpfen,3054,3054,BE,2,311,0,8,0,3740,213.90374,0,41578282.9238281,32422.6622774622,19322363.1728516,22111.2313575391
884,Ittigen,3063,3063,BE,2,362,0,19,0,9786,194.15492,0,7081456.66894531,16604.8232340054,3297727.21484375,11327.9457063227
885,Bolligen,3065,3065,BE,2,352,0,22,0,5855,375.74722,0,28795706.5800781,29301.4463415039,13406883.5742188,19989.9913493857
886,Stettlen,3066,3066,BE,2,358,0,4,0,3477,115.0417,0,14757045.0605469,23749.5798629863,6876436.76928711,16207.5458420738
887,Boll,3067,3067,BE,2,359,0,12,0,3517,341.19989,0,16864992.6762695,31180.7493947466,7859265.16259766,21279.5452866671
888,Utzigen,3068,3068,BE,2,359,0,3,0,1634,183.59853,0,32092725.421875,30027.888498289,14952584.4372559,20498.2370057122
889,Ostermundigen 1,3072,3072,BE,2,363,0,28,0,17189,162.89487,0,13086101.6308594,20048.7393121208,6099385.30395508,13685.6076182296
890,Gümligen Zustellung,3073,3073,BE,2,356,0,19,0,6405,296.64325,0,9381015.15722656,16924.6579844297,4375848.89160156,11557.2411219348
891,Muri b. Bern,3074,3074,BE,2,356,0,17,0,6541,259.8991,0,6844289.57714844,14854.8300221408,3193468.3762207,10150.9291293154
892,Rüfenacht BE,3075,3075,BE,2,627,0,6,0,3780,158.73016,0,9591459.86572266,16666.016615208,4476045.32641602,11385.6446341485
893,Worb,3076,3076,BE,2,627,0,10,0,6515,153.49194,0,26540093.9213867,35059.3517970174,12380721.5849609,23949.5153294123
894,Enggistein,3077,3077,BE,2,627,0,1,0,383,261.09661,0,5923550.60742188,10701.2111181578,2763681.40209961,7311.26354555447
895,Richigen,3078,3078,BE,2,627,0,0,0,437,0,0,4841329.08105469,9326.46804125743,2259823.18115234,6372.92159051427
896,Schlosswil,3082,3082,BE,2,608,0,0,0,825,0,0,10370544.6137695,16109.4832919366,4841805.23999023,11007.3026820184
897,Trimstein,3083,3083,BE,2,616,0,1,0,558,179.21147,0,7711452.70703125,14842.3116788593,3601423.47387695,10141.3837739163
898,Wabern,3084,3084,BE,2,355,0,17,0,7825,217.2524,0,9635510.03466797,17092.7854315965,4496661.04199219,11679.3217364537
899,Zimmerwald,3086,3086,BE,2,888,0,0,0,1228,0,0,26094340.4301758,25420.8348290625,12194891.9135742,17377.6783854397
900,Niedermuhlern,3087,3087,BE,2,877,0,1,0,570,175.4386,0,19140318.675293,24674.0460635484,8953653.09350586,16877.400702821
901,Oberbütschel,3088,3088,BE,2,880,0,0,0,1075,0,0,33786976.1557617,39545.8060047528,15820662.0361328,27067.349208605
902,Hinterfultigen,3089,3089,BE,2,880,0,0,0,345,0,0,16424975.0341797,23252.2260631471,7689044.55737305,15912.7089285226
903,Spiegel b. Bern,3095,3000,BE,2,355,0,17,0,3306,514.21658,0,2611314.53662109,7370.6990617922,1218558.85839844,5034.61280144133
904,Oberbalm,3096,3096,BE,2,357,0,0,0,921,0,0,26354094.6894531,26265.0219882186,12325059.7700195,17964.31010234
905,Liebefeld,3097,3097,BE,2,355,0,24,0,8129,295.23927,0,2924028.87158203,9086.49805532188,1364199.02490234,6207.27589202944
906,Köniz,3098,3098,BE,2,355,0,29,0,12121,239.25419,0,21046737.0639648,29646.5983596872,9825746.06518555,20258.8221504729
907,Rüti b. Riggisberg,3099,3099,BE,2,879,0,0,0,372,0,0,53081208.4741211,48420.5964409401,24918998.1096191,33169.2841651108
908,Münsingen,3110,3110,BE,2,616,0,31,0,11719,264.52769,0,17844308.277832,22323.5233275079,8341949.11352539,15258.5946852799
909,Tägertschi,3111,3111,BE,2,616,0,2,0,412,485.43689,0,7979542.67236328,14399.4495849031,3730836.95825195,9845.76462517658
910,Allmendingen b. Bern,3112,3112,BE,2,630,0,0,0,634,0,0,8218514.5546875,15579.7771059556,3836269.39404297,10647.0220109749
911,Rubigen,3113,3113,BE,2,623,0,7,0,2958,236.64638,0,14973914.9223633,22342.4122468103,6993958.45361328,15267.9756489973
912,Wichtrach,3114,3114,BE,2,632,1,6,0.166666666666667,4283,140.08872,23.34812,24343679.574707,22606.7333262951,11393441.1809082,15462.8673050626
913,Gerzensee,3115,3115,BE,2,866,0,2,0,1254,159.48963,0,17058098.578125,21156.5869631572,7983280.17675781,14468.7826570117
914,Kirchdorf BE,3116,3116,BE,2,872,0,2,0,1514,132.1004,0,23250579.1987305,26797.8305357072,10893783.7092285,18338.1676078417
915,Kehrsatz,3122,3122,BE,2,870,0,3,0,4375,68.57143,0,9885312.51416016,21101.5793341107,4615193.09130859,14420.5295137856
916,Belp,3123,3123,BE,2,861,0,11,0,10945,100.50251,0,36048647.7250977,36996.9141767039,16841741.5407715,25281.9981334663
917,Belpberg,3124,3124,BE,2,861,0,0,0,354,0,0,11430264.6279297,15614.7958897985,5345369.27001953,10675.1975760548
918,Toffen,3125,3125,BE,2,884,0,4,0,2658,150.48909,0,11436888.9179688,22221.5263768129,5349922.85717773,15190.9296595494
919,Kaufdorf,3126,3126,BE,2,869,0,1,0,1412,70.82153,0,11887983.5180664,20243.8845239077,5564489.953125,13850.3434632422
920,Lohnstorf,3127,3127,BE,2,889,0,0,0,1618,0,0,9992555.71289063,14676.6321427504,4682436.73193359,10046.3076205645
921,Kirchenthurnen,3128,3128,BE,2,889,0,1,0,678,147.49263,0,9837896.84326172,15232.8311918408,4607378.33764648,10425.5925683638
922,Riggisberg,3132,3132,BE,2,879,0,9,0,2330,386.26609,0,22437852.3164063,30606.990280188,10515244.3723145,20955.1065257029
923,Gasel,3144,3144,BE,2,355,0,2,0,1127,177.46229,0,19172938.8330078,29212.8466429567,8956127.59008789,19970.6311887366
924,Niederscherli,3145,3145,BE,2,355,0,8,0,2765,289.33092,0,14407672.9482422,30120.4516858294,6733007.41430664,20598.4034515663
925,Mittelhäusern,3147,3147,BE,2,355,0,0,0,988,0,0,9911732.94580078,18347.5179767582,4634236.47216797,12545.3327494703
926,Lanzenhäusern,3148,3148,BE,2,855,0,2,0,1064,187.96992,0,21576104.5839844,20606.409897318,10097641.9284668,14096.8867832052
927,Schwarzenburg,3150,3150,BE,2,855,0,10,0,4470,223.71365,0,31355954.1137695,28758.1840213951,14693910.5888672,19684.3402389498
928,Mamishaus,3152,3152,BE,2,855,0,0,0,778,0,0,23931258.8945313,22706.5145268807,11212865.7773438,15539.9616101948
929,Rüschegg Gambach,3153,3153,BE,2,853,0,0,0,532,0,0,18946198.6303711,21142.2236983094,8891122.79296875,14480.7171608104
930,Rüschegg Heubach,3154,3154,BE,2,853,0,2,0,1332,150.15015,0,51437370.9321289,37234.8392064764,24142605.7692871,25499.3395593619
931,Helgisried-Rohrbach,3155,3155,BE,2,880,0,0,0,441,0,0,10468183.3837891,17883.2166056639,4905542.98046875,12245.5637763681
932,Riffenmatt,3156,3156,BE,2,852,0,0,0,400,0,0,37721687.0610352,45833.2592967032,17716457.5490723,31413.1588812313
933,Milken,3157,3157,BE,2,855,0,1,0,367,272.47956,0,10931321.8588867,18413.0171035909,5125828.12060547,12608.7579046275
934,Guggisberg,3158,3158,BE,2,852,0,0,0,760,0,0,28158059.1918945,32993.8888274199,13220664.5788574,22603.8404683473
935,Riedstätt,3159,3159,BE,2,852,0,0,0,242,0,0,9392732.04541016,19880.8034017551,4405993.08032227,13615.9441923128
936,Niederwangen b. Bern,3172,3172,BE,2,355,0,3,0,3293,91.10234,0,9066160.09082031,17621.9132578409,4231217.13330078,12040.2819605164
937,Oberwangen b. Bern,3173,3173,BE,2,355,0,2,0,1538,130.03901,0,13197599.5429688,22356.8407225175,6161189.53686523,15278.3612617966
938,Thörishaus,3174,3174,BE,2,355,1,3,0.333333333333333,2352,127.55102,42.51701,10579161.7939453,24981.6130737319,4941780.66992188,17076.8216479963
939,Flamatt,3175,3175,FR,10,2309,0,0,0,2344,0,0,4144500.28466797,13412.1788923574,1936624.81103516,9176.51838209974
940,Neuenegg,3176,3176,BE,2,670,0,9,0,4342,207.27775,0,38385731.409668,28662.6425954713,17924634.4165039,19595.1556533547
941,Laupen BE,3177,3177,BE,2,667,0,8,0,2682,298.28486,0,9424473.203125,20550.2441749352,4400172.13183594,14038.6735869814
942,Bösingen,3178,3178,FR,10,2295,0,1,0,3895,25.67394,0,26983912.6430664,22950.4153794966,12610200.3620605,15693.514667837
943,Kriechenwil,3179,3179,BE,2,666,0,0,0,441,0,0,10170051.3916016,18608.9588991574,4748208.71362305,12715.3484027323
944,Ueberstorf,3182,3182,FR,10,2308,0,1,0,2447,40.86637,0,34633989.4360352,32264.8913140489,16194991.4172363,22067.6391162195
945,Albligen,3183,3183,BE,2,855,0,1,0,455,219.78022,0,9142989.87060547,15938.9490847849,4278558.54370117,10904.2089607392
946,Wünnewil,3184,3184,FR,10,2309,0,3,0,3143,95.45021,0,24417129.1914063,26802.2761186688,11414907.8278809,18326.871662683
947,Schmitten FR,3185,3185,FR,10,2305,0,2,0,4210,47.50594,0,32858044.1601563,30000.3281074602,15375458.3173828,20522.7892933621
948,Düdingen,3186,3186,FR,10,2293,0,2,0,7940,25.18892,0,62319971.4848633,37950.3000917949,29166160.9384766,25960.94600886
949,Frauenkappelen,3202,3202,BE,2,663,0,2,0,1114,179.53321,0,19209999.4594727,24816.8964196392,8954008.4934082,16949.6667590516
950,Mühleberg,3203,3203,BE,2,668,0,1,0,1248,80.12821,0,20374882.2558594,26365.2219060464,9494782.79223633,18001.0350516634
951,Rosshäusern,3204,3204,BE,2,668,0,1,0,1090,91.74312,0,29037120.9824219,28734.9571355255,13546513.7414551,19627.8482180815
952,Gümmenen,3205,3205,BE,2,668,0,3,0,1142,262.69702,0,14855837.2119141,27178.4961667331,6927766.8112793,18559.7734107465
953,Rizenbach,3206,3206,BE,2,662,0,0,0,1217,0,0,17710865.7890625,26469.7211352101,8259628.86450195,18072.3511877783
954,Golaten,3207,3207,BE,2,304,0,0,0,699,0,0,18290597.8725586,20546.7209578592,8518315.89526367,14017.5680789245
955,Gurbrü,3208,3208,BE,2,665,0,0,0,258,0,0,3855397.64892578,10628.2723630612,1796396.72875977,7257.6639516336
956,Kerzers,3210,3210,FR,10,2265,0,5,0,4962,100.76582,0,24308210.8378906,24754.3560969967,11319807.3696289,16894.4505053601
957,Gurmels,3212,3212,FR,10,2262,0,0,0,2137,0,0,12621295.3330078,18730.2559644385,5897270.24414063,12806.0656080096
958,Kleinbösingen,3213,3213,FR,10,2266,0,1,0,1441,69.39625,0,14604229.4453125,26647.7300516081,6820330.73168945,18212.2302621351
959,Ulmiz,3214,3214,FR,10,2278,0,0,0,466,0,0,6170400.765625,11559.4151863132,2878836.35546875,7895.95574710455
960,Lurtigen,3215,3215,FR,10,2275,0,1,0,628,159.23567,0,11962948.4155273,30547.0834993865,5579807.85180664,20871.3368483432
961,Agriswil,3216,3216,FR,10,2276,0,1,0,1237,80.84074,0,15928825.2670898,24994.0613980658,7422440.99804688,17061.4563565506
962,Müntschemier,3225,3225,BE,2,498,0,1,0,1403,71.27584,0,10411714.0009766,15726.7285488021,4845955.78051758,10729.5493891867
963,Treiten,3226,3226,BE,2,500,0,0,0,427,0,0,11188508.487793,14336.6597411177,5205235.25708008,9776.32669061249
964,Ins,3232,3232,BE,2,496,0,2,0,3542,56.46527,0,39957092.3642578,37061.4575018288,18591452.9882813,25281.3820309408
965,Tschugg,3233,3233,BE,2,501,0,0,0,482,0,0,7285641.09716797,16027.4878165565,3387285.94482422,10931.560663113
966,Vinelz,3234,3234,BE,2,502,0,1,0,869,115.0748,0,9926973.28808594,19714.3481372657,4613838.26025391,13444.4304925553
967,Erlach,3235,3235,BE,2,492,0,2,0,1385,144.40433,0,14408549.4301758,37342.2206902418,6693326.62402344,25458.1521754624
968,Gampelen,3236,3236,BE,2,495,0,0,0,999,0,0,42487872.0209961,29009.0632217121,19773853.8493652,19788.4105218002
969,Brüttelen,3237,3237,BE,2,491,0,0,0,590,0,0,14172298.3881836,20884.0720784555,6589134.47412109,14241.5261273759
970,Gals,3238,3238,BE,2,494,0,0,0,813,0,0,14322254.2641602,20361.5743110774,6656398.1328125,13883.0022201606
971,Lyss,3250,3250,BE,2,306,0,22,0,13182,166.89425,0,26874641.5961914,27196.4722682617,12470467.2751465,18520.781943925
972,Ruppoldsried,3251,3251,BE,2,310,0,0,0,856,0,0,19960516.3007813,25947.8258462746,9258484.02319336,17676.5558723585
973,Worben,3252,3252,BE,2,755,0,3,0,2501,119.95202,0,7584466.62890625,14758.2698414845,3516387.99023438,10048.3220710942
974,Schnottwil,3253,3253,SO,11,2461,0,1,0,1147,87.18396,0,15382941.1972656,18616.4065981912,7129367.01489258,12671.2027868159
975,Messen,3254,3254,SO,11,2457,0,0,0,1251,0,0,19600595.878418,25779.6812355289,9089103.11083984,17556.7852942125
976,Rapperswil BE,3255,3255,BE,2,310,0,2,0,1174,170.35775,0,24327519.902832,25935.2328750253,11292821.8549805,17674.561672737
977,Bangerten b. Dieterswil,3256,3256,BE,2,310,0,0,0,681,0,0,16786161.9584961,22048.2289977604,7796439.4831543,15029.184597739
978,Grossaffoltern,3257,3257,BE,2,303,0,1,0,2370,42.19409,0,26579473.2744141,23385.678116529,12335591.9416504,15930.5061072391
979,Suberg,3262,3262,BE,2,303,0,0,0,678,0,0,5814226.47705078,11491.4551548444,2699956.03466797,7830.30201862746
980,Büetigen,3263,3263,BE,2,382,0,2,0,869,230.1496,0,7729640.54882813,14971.5152903167,3582793.81542969,10191.8540720102
981,Diessbach b. Büren,3264,3264,BE,2,385,0,1,0,1010,99.0099,0,13653738.9448242,18542.3390878965,6329038.67724609,12621.4278164758
982,Wiler b. Seedorf,3266,3266,BE,2,312,0,1,0,609,164.20361,0,9404626.66455078,16577.0342594813,4368352.31567383,11298.3821910584
983,Seedorf BE,3267,3267,BE,2,312,0,4,0,1833,218.22149,0,18864292.7827148,27632.2089795125,8769717.72583008,18839.9838372737
984,Lobsigen,3268,3268,BE,2,312,0,0,0,492,0,0,14479420.4750977,23048.6295741626,6733218.49511719,15717.6418264423
985,Aarberg,3270,3270,BE,2,301,0,3,0,4585,65.43075,0,17111949.184082,23607.5457323079,7949275.85693359,16091.5191764715
986,Radelfingen b. Aarberg,3271,3271,BE,2,309,0,0,0,434,0,0,9284121.87646484,14328.4290101942,4317294.4765625,9773.70316142101
987,Walperswil,3272,3272,BE,2,754,0,0,0,1412,0,0,22342484.1547852,27793.1381071819,10374325.5014648,18940.6072506561
988,Kappelen,3273,3273,BE,2,305,0,2,0,1389,143.98848,0,20572444.1176758,26713.590425754,9547980.38256836,18192.9941923716
989,Bühl b. Aarberg,3274,3274,BE,2,734,0,0,0,1177,0,0,18592608.6123047,23780.6386020938,8626770.27148438,16191.5743270288
990,Meyriez,3280,3280,FR,10,2271,0,4,0,7687,52.0359,0,36434531.6303711,36789.8195235109,16999822.0532227,25138.1617114945
991,Bargen BE,3282,3282,BE,2,302,0,3,0,999,300.3003,0,16491790.6669922,22765.7536273531,7664094.69458008,15521.1862753656
992,Kallnach,3283,3283,BE,2,304,0,2,0,1940,103.09278,0,32026860.3051758,33631.1888148448,14896154.8981934,22937.2251202313
993,Fräschels,3284,3284,FR,10,2258,0,0,0,466,0,0,6676894.81396484,12897.8821671834,3107280.55102539,8799.1937248687
994,Galmiz,3285,3285,FR,10,2259,0,0,0,692,0,0,25269285.2109375,25461.0781612758,11776515.1516113,17380.0846944426
995,Muntelier,3286,3286,FR,10,2274,0,1,0,841,118.90606,0,5420377.17236328,10690.6368554148,2527684.88476563,7302.99079826123
996,Busswil BE,3292,3292,BE,2,306,0,2,0,2055,97.3236,0,6468556.30566406,11496.4445359146,2998962.80810547,7823.55493411845
997,Dotzigen,3293,3293,BE,2,386,0,1,0,1460,68.49315,0,7737578.24023438,18447.7782916942,3584116.97583008,12554.7280964068
998,Büren an der Aare,3294,3294,BE,2,383,0,6,0,3646,164.56391,0,29908411.2016602,33014.3411847153,13844587.2319336,22463.0815183329
999,Rüti b. Büren,3295,3295,BE,2,393,0,1,0,859,116.41444,0,13969629.234375,18281.120532775,6464154.7253418,12437.7846775777
1000,Arch,3296,3296,BE,2,381,0,0,0,1613,0,0,13878461.9868164,17618.6773423102,6418605.72436523,11979.0380175404
2001,Gudo,6515,6515,TI,21,5002,0,0,0,867,0,0,20488473.7475586,22845.2526267422,9826247.68334961,15814.7604165408
2002,Cugnasco,6516,6516,TI,21,5138,0,0,0,3006,0,0,36303100.355957,38464.3358607981,17402251.7568359,26626.0203954361
2003,Arbedo,6517,6517,TI,21,5001,0,0,0,3186,0,0,39123812.8457031,31239.5899068299,18752133.3466797,21636.9152830197
2004,Gorduno,6518,6518,TI,21,5002,0,0,0,782,0,0,19103817.4770508,24976.7212970833,9147648.14550781,17291.4356941444
2005,Preonzo,6523,6523,TI,21,5002,0,0,0,642,0,0,34093525.3642578,31143.1689268485,16311136.5053711,21546.4923544835
2006,Moleno,6524,6524,TI,21,5002,0,0,0,120,0,0,16171373.2792969,26569.1173029303,7731791.88916016,18372.4852981192
2007,Gnosca,6525,6525,TI,21,5002,0,0,0,780,0,0,15699900.7548828,18541.0321701775,7514055.09985352,12834.0016885779
2008,Prosito,6526,6526,TI,21,5287,0,0,0,270,0,0,45989293.4545898,32111.6508376383,21976485.3862305,22198.9785906723
2009,Lodrino,6527,6527,TI,21,5287,0,0,0,1532,0,0,19594085.9833984,20302.4143565143,9354896.63549805,14027.812482717
2010,Camorino,6528,6528,TI,21,5002,0,0,0,2967,0,0,17261258.456543,18936.9547826311,8285763.90942383,13123.0346020001
2011,Castione,6532,6532,TI,21,5001,0,0,0,1829,0,0,5410229.6796875,11705.4053002934,2590175.08862305,8097.51062976642
2012,Lumino,6533,6533,TI,21,5010,0,0,0,1500,0,0,21782635.3886719,25528.3035887499,10425193.5710449,17645.4766015026
2013,S. Vittore,6534,6534,GR,18,3835,0,0,0,753,0,0,45367961.8178711,56739.9204004837,21708320.6430664,39226.2669287565
2014,Roveredo GR,6535,6535,GR,18,3834,0,0,0,2544,0,0,78420515.3276367,54096.4318329798,37574366.8730469,37433.3774563502
2015,Grono,6537,6537,GR,18,3832,0,0,0,1057,0,0,31298839.2172852,29160.2573340531,14982974.2026367,20180.5831712343
2016,Verdabbio,6538,6538,GR,18,3832,0,0,0,161,0,0,26413173.2172852,46413.6449563293,12625280.6923828,32074.5999264517
2017,Castaneda,6540,6540,GR,18,3805,0,0,0,257,0,0,8162415.13476563,17593.7422848197,3903337.80126953,12168.9079706803
2018,Sta. Maria in Calanca,6541,6541,GR,18,3810,0,0,0,101,0,0,19451210.6679688,25425.662168388,9294136.5168457,17562.9822153783
2019,Buseno,6542,6542,GR,18,3804,0,0,0,99,0,0,23293926.9106445,31750.0563469338,11133267.8833008,21948.9394558561
2020,Arvigo,6543,6543,GR,18,3837,0,0,0,63,0,0,20134623.6118164,21986.981863245,9614381.88696289,15193.6685347688
2021,Braggio,6544,6544,GR,18,3837,0,0,0,63,0,0,14537111.8266602,17015.2214621718,6941370.10351563,11756.4967604525
2022,Selma,6545,6545,GR,18,3837,0,0,0,58,0,0,21638602.4912109,25987.3210867845,10324582.3469238,17961.7050722935
2023,Cauco,6546,6546,GR,18,3837,0,0,0,32,0,0,22722416.7114258,28710.4091786758,10837141.2944336,19838.7471271584
2024,Rossa,6548,6548,GR,18,3808,0,0,0,156,0,0,124210233.918945,56576.6229484062,59121956.0930176,39023.2773802067
2025,Laura,6549,6549,GR,18,3834,0,0,0,0,0,0,2592659.40820313,8651.88650223749,1242037.47241211,5990.05958838774
2026,Leggia,6556,6556,GR,18,3832,0,0,0,168,0,0,18988054.793457,20796.7805421872,9083904.48974609,14388.7329407051
2027,Cama,6557,6557,GR,18,3831,0,0,0,625,0,0,32374682.5439453,39820.338898757,15482072.532959,27540.6996502749
2028,Lostallo,6558,6558,GR,18,3821,0,0,0,782,0,0,106845799.270508,47092.2084617612,51008771.996582,32535.7243343787
2029,Soazza,6562,6562,GR,18,3823,0,0,0,310,0,0,97307480.75,53177.2929055781,46379046.1228027,36716.271376474
2030,Mesocco,6563,6563,GR,18,3822,0,0,0,1103,0,0,118185631.502441,48052.6650010283,56224750.3435059,33145.7172610864
2031,S. Bernardino,6565,6565,GR,18,3822,0,0,0,291,0,0,228614825.838867,75099.9835381012,108487745.989746,51744.3129820753
2032,Indemini,6571,6571,TI,21,5398,0,0,0,55,0,0,23515801.5771484,20479.6082997799,11313956.279541,14207.1206985366
2033,Quartino,6572,6572,TI,21,5398,0,0,0,1230,0,0,7426078.80810547,13941.0025275612,3565435.5546875,9665.70940008524
2034,Magadino,6573,6573,TI,21,5398,0,0,0,563,0,0,9335509.29638672,18786.2096931761,4483551.45263672,13023.7196493003
2035,Vira (Gambarogno),6574,6574,TI,21,5398,0,2,0,699,286.12303,0,29553020.1176758,29727.4482964069,14200031.9897461,20598.4627513788
2036,Vairano,6575,6575,TI,21,5398,0,0,0,757,0,0,15914638.0644531,18422.2983947679,7648436.27954102,12766.7792468501
2037,Gerra (Gambarogno),6576,6576,TI,21,5398,0,0,0,294,0,0,11709238.4355469,18647.5768084596,5628186.48168945,12928.9588878495
2038,Ranzo,6577,6577,TI,21,5398,0,0,0,88,0,0,12783799.4614258,19115.7903676177,6145939.10058594,13255.5239429729
2039,Caviano,6578,6578,TI,21,5398,0,0,0,157,0,0,10226239.0063477,17904.6586168244,4918079.98413086,12420.0517508618
2040,Piazzogna,6579,6579,TI,21,5398,0,0,0,432,0,0,11234319.4287109,22784.3886805548,5398242.18774414,15788.6237499806
2041,Pianezzo,6582,6582,TI,21,5002,0,0,0,615,0,0,16560733.5283203,28797.2365828922,7948530.50415039,19950.1213631084
2042,S. Antonio (Val Morobbia),6583,6583,TI,21,5002,0,0,0,196,0,0,14797813.6894531,20173.6132445487,7100509.14990234,13971.5535995154
2043,Carena,6584,6584,TI,21,5002,0,0,0,61,0,0,55029966.4916992,34243.9556034985,26417653.3056641,23725.3981064086
2044,S. Antonino,6592,6592,TI,21,5017,0,0,0,2592,0,0,15956471.0649414,26169.7759150267,7660024.16601563,18133.5748006873
2045,Cadenazzo Distribuzione,6593,6593,TI,21,5003,0,0,0,2823,0,0,11927738.1831055,21963.9667608568,5727122.0246582,15225.5083301474
2046,Contone,6594,6594,TI,21,5398,0,0,0,1116,0,0,5587676.6875,11660.7396121165,2682712.59814453,8081.33690376214
2047,Riazzino,6595,6595,TI,21,5113,0,0,0,1261,0,0,8798249.12841797,15686.9009480407,4221503.62939453,10866.9530235648
2048,Gordola,6596,6596,TI,21,5108,0,0,0,4781,0,0,29065731.2885742,30838.8933450872,13943264.7104492,21362.8740814801
2049,Agarone,6597,6597,TI,21,5138,0,0,0,539,0,0,2144412.32470703,6260.99881384391,1028526.30908203,4338.5826836164
2050,Tenero,6598,6598,TI,21,5131,0,0,0,2879,0,0,8075034.26074219,12459.8375658868,3874217.33325195,8630.01794536685
2051,Robasacco,6599,6599,TI,21,5003,0,0,0,186,0,0,5959062.46923828,12563.8979381196,2862518.05029297,8715.23708230329
2052,Locarno,6600,6600,TI,21,5113,0,4,0,17105,23.38498,0,16799046.7490234,23493.1771839869,8061632.00097656,16275.079034296
2053,Locarno,6605,6600,TI,21,5113,0,0,0,684,0,0,9242061.38574219,17187.7017673781,4432015.44384766,11904.5680191374
2054,Mosogno,6611,6611,TI,21,5136,0,0,0,145,0,0,53523235.5688477,56624.2544225956,25640832.480957,39187.0547389255
2055,Ascona,6612,6612,TI,21,5091,0,0,0,5491,0,0,26741814.8110352,21282.5825774104,12841490.8596191,14754.5349874934
2056,Porto Ronco,6613,6613,TI,21,5125,0,0,0,136,0,0,9232799.77441406,14496.2617671034,4435569.90722656,10045.9144290287
2057,Brissago,6614,6614,TI,21,5097,0,0,0,1786,0,0,48892964.3193359,32288.4199177288,23498843.3977051,22387.4235924051
2058,Losone,6616,6616,TI,21,5115,0,0,0,6302,0,0,18003792.1918945,21950.5013549877,8638614.01025391,15210.4433935623
2059,Arcegno,6618,6618,TI,21,5115,0,0,0,437,0,0,2280587.32128906,7280.35180046659,1094628.42016602,5044.09266209568
2060,Ronco sopra Ascona,6622,6622,TI,21,5125,0,0,0,486,0,0,9889069.05664063,14402.8208513497,4748736.43212891,9985.96219001644
2061,Corippo,6631,6631,TI,21,5399,0,0,0,20,0,0,16045937.2709961,19600.0171430368,7680436.19799805,13565.0482734277
2062,Vogorno,6632,6632,TI,21,5399,0,0,0,310,0,0,50025638.1225586,31247.9171541454,23954563.5249023,21625.9362371029
2063,Lavertezzo,6633,6633,TI,21,5112,0,0,0,107,0,0,119907680.241211,56416.0449657341,57310885.5922852,39001.3086713669
2064,Brione (Verzasca),6634,6634,TI,21,5399,0,0,0,189,0,0,101561554.237305,57115.8914774744,48495117.1647949,39465.6407084734
2065,Gerra (Verzasca),6635,6635,TI,21,5138,0,0,0,90,0,0,36897309.203125,28338.3201170556,17608204.4147949,19580.6250962389
2066,Frasco,6636,6636,TI,21,5399,0,0,0,129,0,0,54456569.1230469,36325.1167429598,25952661.838623,25077.3555358002
2067,Sonogno,6637,6637,TI,21,5399,0,0,0,93,0,0,78858930.0053711,37710.6816590055,37567801.2158203,26022.0898184085
2068,Orselina,6644,6644,TI,21,5121,0,0,0,687,0,0,3625460.29443359,10905.2045245561,1738684.1875,7549.86408987366
2069,Brione sopra Minusio,6645,6645,TI,21,5096,0,0,0,807,0,0,15049899.0532227,16965.9808711793,7214599.04248047,11748.8169533478
2070,Contra,6646,6646,TI,21,5131,0,0,0,403,0,0,4282097.96484375,10505.9802199412,2052908.40625,7274.85979243312
2071,Mergoscia,6647,6647,TI,21,5117,0,0,0,231,0,0,25500687.9814453,22205.6857124658,12215545.0632324,15374.2163757585
2072,Minusio,6648,6648,TI,21,5118,0,1,0,6553,15.26019,0,10033780.6860352,15327.3151831128,4813649.86572266,10616.5750002645
2073,Tegna,6652,6652,TI,21,5396,0,0,0,806,0,0,7271770.03222656,12963.3188395058,3486376.05517578,8974.10672232026
2074,Verscio,6653,6653,TI,21,5396,0,0,0,1077,0,0,6279926.35058594,13296.6998672203,3010590.78857422,9204.58043495007
2075,Cavigliano,6654,6654,TI,21,5396,0,0,0,768,0,0,11618763.7626953,13941.558052632,5570630.31054688,9652.7257003809
2076,Verdasio,6655,6655,TI,21,5397,0,0,0,670,0,0,49481161.965332,31314.9885034604,23743133.2497559,21701.2159485614
2077,Golino,6656,6656,TI,21,5397,0,0,0,303,0,0,1003648.33837891,4466.13935353191,481408.784667969,3095.9641877868
2078,Palagnedra,6657,6657,TI,21,5397,0,0,0,100,0,0,17408846.0424805,19387.0623223477,8361301.29467773,13432.6524350659
2079,Borgnone,6658,6658,TI,21,5397,0,0,0,67,0,0,20987727.9785156,21623.1164665097,10070707.895752,14980.951861709
2080,Camedo,6659,6659,TI,21,5397,0,0,0,102,0,0,18273528.1826172,20524.7756045011,8777765.11816406,14225.959718583
2081,Berzona,6661,6661,TI,21,5136,0,0,0,342,0,0,35727879.1889648,25187.417772163,17117791.6230469,17433.1126158209
2082,Russo,6662,6662,TI,21,5136,0,0,0,78,0,0,12519615.4003906,20729.4671188409,5996800.97998047,14346.6700568418
2083,Comologno,6663,6663,TI,21,5136,0,0,0,116,0,0,35671306.2260742,25560.9725493122,17094775.3220215,17692.5358332471
2084,Vergeletto,6664,6664,TI,21,5136,0,0,0,71,0,0,87040617.5913086,47775.4176613791,41654259.894043,33068.2913346252
2085,Avegno,6670,6670,TI,21,5324,0,0,0,600,0,0,17217181.1533203,18732.956776179,8250776.67041016,12972.2105861429
2086,Gordevio,6672,6672,TI,21,5324,0,0,0,943,0,0,40096329.137207,26688.6238284191,19194406.8195801,18466.2777909618
2087,Maggia,6673,6673,TI,21,5317,0,0,0,848,0,0,47895644.597168,30080.1427855559,22899957.9326172,20798.5869675646
2088,Riveo,6674,6674,TI,21,5317,0,0,0,252,0,0,68689436.8110352,38786.4792399886,32818040.8254395,26813.990166024
2089,Cevio,6675,6675,TI,21,5310,0,0,0,455,0,0,30994870.8330078,32742.2664087419,14798543.2612305,22626.9868422992
2090,Bignasco,6676,6676,TI,21,5310,0,0,0,314,0,0,65070082.4575195,45941.5555208612,31024722.2827148,31739.6675437617
2091,Moghegno,6677,6677,TI,21,5317,0,0,0,967,0,0,39636547.9848633,32058.3763916012,18977196.7478027,22187.2130549541
2092,Coglio,6678,6678,TI,21,5317,0,0,0,590,0,0,76152704.6611328,45701.9028542482,36395116.4733887,31591.4151891562
2093,Linescio,6682,6682,TI,21,5315,0,0,0,58,0,0,14126979.2426758,20993.3141546325,6742936.06591797,14501.3627260408
2094,Cerentino,6683,6683,TI,21,5309,0,0,0,88,0,0,58864346.1494141,40415.1973928713,28108938.90625,27922.8708322985
2095,Campo (Vallemaggia),6684,6684,TI,21,5307,0,0,0,49,0,0,73818421.1948242,39099.3495287255,35278906.8481445,27035.029238614
2096,Bosco/Gurin,6685,6685,TI,21,5304,0,0,0,57,0,0,45982892.1450195,29209.2252329464,21941731.0646973,20181.7831308638
2097,Cavergno,6690,6690,TI,21,5310,0,0,0,415,0,0,221639002.189453,85105.3117948393,105453214.182129,58705.6283421677
2098,Brontallo,6692,6692,TI,21,5323,0,0,0,146,0,0,45534277.7958984,32127.7757423453,21699371.2983398,22177.9117137332
2099,Broglio,6693,6693,TI,21,5323,0,0,0,84,0,0,24264221.0488281,25588.0298581874,11556424.6762695,17661.1617016559
2100,Prato-Sornico,6694,6694,TI,21,5323,0,0,0,106,0,0,82227471.5996094,50088.648002946,39125276.4179688,34550.6397417472
2101,Peccia,6695,6695,TI,21,5323,0,0,0,166,0,0,100886999.960449,47845.620336433,47949677.8974609,32988.22305261
2102,Fusio,6696,6696,TI,21,5323,0,0,0,55,0,0,141364266.694824,60604.1061759309,67115343.2023926,41769.651085008
2103,Claro,6702,6702,TI,21,5002,0,0,0,2962,0,0,42866265.4272461,27885.5012050243,20495377.1494141,19274.4399270354
2104,Osogna,6703,6703,TI,21,5287,0,0,0,1142,0,0,39596047.5864258,30231.3130098178,18890006.9326172,20887.8640918466
2105,Cresciano,6705,6705,TI,21,5287,0,0,0,713,0,0,36958536.9174805,29349.0820200385,17646959.2922363,20282.8693673343
2106,Iragna,6707,6707,TI,21,5287,0,0,0,585,0,0,38907475.8569336,27486.252223099,18562679.9030762,18984.2042227824
2107,Biasca Distribuzione,6710,6710,TI,21,5281,0,0,0,6131,0,0,123883760.20459,56873.681407249,59013609.1723633,39260.9769638517
2108,Malvaglia,6713,6713,TI,21,5050,0,0,0,1343,0,0,168661984.655273,66278.4420244331,80142344.638916,45684.7189458124
2109,Semione,6714,6714,TI,21,5050,0,0,0,416,0,0,22450663.8647461,22201.5946973047,10681009.1118164,15313.5678232217
2110,Dongio,6715,6715,TI,21,5048,0,0,0,266,0,0,14506086.8681641,19816.2105887013,6887901.51953125,13652.8542600335
2111,Leontica,6716,6716,TI,21,5048,0,0,0,376,0,0,29561050.5795898,31978.5355457339,14034457.7724609,22045.1209606735
2112,Torre,6717,6717,TI,21,5049,0,0,0,494,0,0,23907267.8500977,23357.1180805713,11339474.1025391,16097.1105442333
2113,Olivone,6718,6718,TI,21,5049,0,0,0,872,0,0,159739054.251953,77660.5246657675,75626038.8830566,53461.1598908948
2114,Aquila,6719,6719,TI,21,5049,0,0,0,320,0,0,126858590.407715,85350.2474651591,60045066.4516602,58736.2132610503
2115,Ghirone,6720,6720,TI,21,5049,0,0,0,159,0,0,116606947.599609,59800.5376395218,55115706.1628418,41120.7891438456
2116,Motto (Blenio),6721,6721,TI,21,5048,0,0,0,513,0,0,24765480.5292969,29674.5994221826,11769876.3898926,20459.9269252603
2117,Corzoneso,6722,6722,TI,21,5048,0,0,0,561,0,0,23990898.7255859,22238.3669407124,11398972.6428223,15331.1945438445
2118,Prugiasco,6723,6723,TI,21,5048,0,0,0,306,0,0,28561287.1030273,26892.0727933741,13552927.8918457,18532.3048299923
2119,Largario,6724,6724,TI,21,5048,0,0,0,270,0,0,20708028.2348633,30753.857676861,9819361.18261719,21183.7480057866
2120,Pollegio,6742,6742,TI,21,5077,0,0,0,801,0,0,12610981.5805664,16994.0951085114,6006324.72680664,11727.9469910663
2121,Bodio TI,6743,6743,TI,21,5064,0,0,0,983,0,0,13566379.4624023,19888.8094369868,6457952.58935547,13722.1332249278
2122,Personico,6744,6744,TI,21,5076,0,0,0,344,0,0,81105867.8706055,42024.8716280426,38664157.5129395,29019.3485573831
2123,Giornico,6745,6745,TI,21,5073,0,0,0,875,0,0,40607514.2666016,31415.4020745951,19327780.5390625,21671.7371189076
2124,Nivo,6746,6746,TI,21,5072,0,0,0,371,0,0,8664401.125,16434.1959702785,4114575.49609375,11322.8288472126
2125,Chironico,6747,6747,TI,21,5072,0,0,0,260,0,0,121222751.577637,63440.7554275969,57625723.5070801,43741.9089508669
2126,Anzonico,6748,6748,TI,21,5072,0,0,0,88,0,0,22210633.0332031,22130.6485802804,10551314.8337402,15250.8053541508
2127,Cavagnago,6749,6749,TI,21,5072,0,0,0,168,0,0,27810087.4169922,22082.7703062506,13225962.5795898,15226.7389505547
2128,Faido,6760,6760,TI,21,5072,0,0,0,1570,0,0,54095208.4726563,39509.968891746,25655281.0048828,27207.083627768
2129,Mairengo,6763,6763,TI,21,5072,0,0,0,378,0,0,39155094.65625,28291.7463056264,18558171.4953613,19477.4352989319
2130,Chiggiogna,6764,6764,TI,21,5072,0,0,0,182,0,0,6993573.94921875,16925.8357401799,3319899.66992188,11655.7705074038
2131,Rodi-Fiesso,6772,6772,TI,21,5078,0,0,0,276,0,0,20509097.1733398,19982.797979833,9728523.64819336,13762.4056787372
2132,Prato (Leventina),6773,6773,TI,21,5078,0,0,0,145,0,0,14887670.6054688,19763.618312255,7064833.06542969,13617.8457050616
2133,Dalpe,6774,6774,TI,21,5071,0,0,0,186,0,0,30648467.6577148,35171.8237603563,14550958.1767578,24240.2072373054
2134,Ambrì,6775,6775,TI,21,5079,0,0,0,343,0,0,22752927.9619141,20909.5879171405,10787373.6638184,14398.1041012601
2135,Piotta,6776,6776,TI,21,5079,0,0,0,365,0,0,112994017.616699,60565.7454210805,53488684.2565918,41676.1481682117
2136,Varenzo,6777,6777,TI,21,5079,0,0,0,338,0,0,23162050.6938477,21450.1054889612,10973529.2956543,14766.4809229687
2137,Madrano,6780,6780,TI,21,5061,0,0,0,1507,0,0,199364587.783691,71877.3207888098,94358488.7790527,49452.1875783126
2138,Villa Bedretto,6781,6781,TI,21,5063,0,0,0,118,0,0,158500683.880859,64618.2169528374,75157574.4401855,44505.8395680076
2139,Rivera,6802,6802,TI,21,5238,0,0,0,1998,0,0,27832774.3735352,28237.5713927495,13376920.2634277,19578.5269929172
2140,Camignolo,6803,6803,TI,21,5238,0,0,0,870,0,0,9420701.58789063,14321.5006593308,4530883.35522461,9933.59439285083
2141,Bironico,6804,6804,TI,21,5238,0,0,0,593,0,0,8640390.02050781,16162.2341427865,4152382.03100586,11198.6148176304
2142,Mezzovico,6805,6805,TI,21,5199,0,0,0,1396,0,0,23254514.3037109,26333.3222284207,11187887.979248,18275.2079804785
2143,Sigirino,6806,6806,TI,21,5238,0,0,0,673,0,0,15918028.1845703,27049.4672072651,7661328.36645508,18773.1824638253
2144,Taverne,6807,6807,TI,21,5227,0,0,0,1806,0,0,3020341.31689453,11215.047631276,1454864.22314453,7781.82789372281
2145,Torricella,6808,6808,TI,21,5227,0,0,0,1164,0,0,8015739.67919922,16721.0036517572,3860084.18383789,11607.5439254987
2146,Medeglia,6809,6809,TI,21,5238,0,0,0,388,0,0,19034440.2441406,32365.6855473808,9146749.57421875,22437.2738049053
2147,Isone Caserma,6810,6810,TI,21,5009,0,0,0,398,0,0,26825042.809082,29116.8196959375,12888001.6137695,20187.4127713016
2148,Lamone-Cadempino,6814,6814,TI,21,5162,0,0,0,3273,0,0,5258373.28417969,12410.9127502223,2534874.8828125,8611.85438047984
2149,Melide,6815,6815,TI,21,5198,0,0,0,1787,0,0,10698176.0727539,15939.6358028462,5173257.98876953,11076.4616145129
2150,Bissone,6816,6816,TI,21,5154,0,0,0,919,0,0,7726829.26074219,12704.1652143486,3737154.47070313,8831.7435385405
2151,Maroggia,6817,6817,TI,21,5195,0,0,0,709,0,0,3185895.72802734,7499.89481880406,1541705.30761719,5216.44867399085
2152,Melano,6818,6818,TI,21,5197,0,0,0,1451,0,0,11091120.9619141,15005.6586139073,5370199.94140625,10441.3082912402
2153,Rovio,6821,6821,TI,21,5219,0,0,0,836,0,0,11652111.4912109,14968.9182515809,5638810.35424805,10415.3215571493
2154,Arogno,6822,6822,TI,21,5144,0,0,0,967,0,0,16857040.2587891,20317.8642452229,8151298.85229492,14126.1466888587
2155,Pugerna,6823,6823,TI,21,5144,0,0,0,76,0,0,17982213.793457,22902.0003074543,8685101.78662109,15917.4271996581
2156,Capolago,6825,6825,TI,21,5254,0,0,0,679,0,0,4241075.86083984,9732.94419223006,2054739.59741211,6774.07564660356
2157,Riva San Vitale,6826,6826,TI,21,5263,0,0,0,2779,0,0,15981847.9091797,19816.60048241,7740508.91845703,13779.7337909873
2158,Brusino Arsizio,6827,6827,TI,21,5160,0,0,0,481,0,0,10114210.0532227,20157.8789447469,4896397.16748047,14023.3425104746
2159,Balerna,6828,6828,TI,21,5242,0,0,0,3352,0,0,5036046.62402344,12585.2152501428,2445316.44189453,8771.12025122738
2160,Chiasso 1,6830,6830,TI,21,5250,0,0,0,7050,0,0,4012775.35595703,9632.44337676867,1949105.3984375,6715.93294829282
2161,Pedrinate,6832,6832,TI,21,5250,0,0,0,878,0,0,7048111.75292969,12596.2824170636,3424430.99731445,8785.31075472168
2162,Vacallo,6833,6833,TI,21,5268,0,0,0,3116,0,0,3428616.78027344,10523.8988446418,1664565.98657227,7335.17089649041
2163,Morbio Inferiore,6834,6834,TI,21,5257,0,0,0,4653,0,0,4752923.93701172,9749.51396986923,2307298.94458008,6793.3751784527
2164,Morbio Superiore,6835,6835,TI,21,5269,0,0,0,718,0,0,5624165.20605469,20846.6904800322,2728498.51269531,14519.9749942862
2165,Caneggio,6837,6837,TI,21,5269,0,0,0,528,0,0,14389691.1972656,24380.0381145573,6977312.60766602,16978.3643997071
2166,Scudellate,6838,6838,TI,21,5269,0,0,0,445,0,0,28987760.2802734,27827.7775802765,14042534.5534668,19370.7627787415
2167,Sagno,6839,6839,TI,21,5269,0,0,0,324,0,0,3397788.88183594,13161.0965973091,1648762.35913086,9168.22424605224
2168,Mendrisio Distribuzione,6850,6850,TI,21,5254,0,3,0,6500,46.15385,0,9490492.97753906,19832.5574591556,4602914.62255859,13808.6921418292
2169,Genestrerio,6852,6852,TI,21,5254,0,0,0,1092,0,0,3034592.22949219,10101.489432183,1473110.53295898,7037.08188755144
2170,Ligornetto,6853,6853,TI,21,5254,0,1,0,1760,56.81818,0,4142204.49316406,9089.05469881443,2009846.06347656,6332.76926964901
2171,S. Pietro,6854,6854,TI,21,5266,0,0,0,1769,0,0,2068514.84179688,7217.79517999282,1003872.77929688,5029.40779663299
2172,Stabio,6855,6855,TI,21,5266,0,0,0,2958,0,0,10399414.4604492,16060.7863085619,5049114.72265625,11192.3617468759
2173,Rancate,6862,6862,TI,21,5254,0,0,0,1512,0,0,4624384.125,12228.2014320269,2242799.40625,8512.07084183167
2174,Besazio,6863,6863,TI,21,5254,0,0,0,617,0,0,1806064.15185547,6242.63792408435,876067.511230469,4350.09039143467
2175,Arzo,6864,6864,TI,21,5254,0,0,0,1269,0,0,5679241.07666016,11007.0471695873,2753935.58911133,7661.37730289796
2176,Tremona,6865,6865,TI,21,5254,0,0,0,500,0,0,3299253.5703125,7305.34101012983,1599809.94042969,5086.41975928864
2177,Meride,6866,6866,TI,21,5254,0,0,0,333,0,0,15149121.105957,16751.9572100052,7340876.21044922,11660.1955072592
2178,Serpiano,6867,6867,TI,21,5160,0,0,0,0,0,0,2654814.95166016,11958.2148006271,1285642.71313477,8323.80355776084
2179,Salorino,6872,6872,TI,21,5254,0,0,0,463,0,0,21259240.1699219,28792.1156458144,10302481.7514648,20036.6965923267
2180,Corteglia,6873,6873,TI,21,5249,0,0,0,443,0,0,1253005.64453125,5956.263825183,607994.667236328,4149.38722872654
2181,Castel San Pietro,6874,6874,TI,21,5249,0,0,0,1528,0,0,8191011.76074219,14487.7277670019,3974040.39672852,10091.6290611575
2182,Monte,6875,6875,TI,21,5249,0,0,0,204,0,0,8465024.90332031,14011.1781635714,4104145.97265625,9755.56334061398
2183,Coldrerio,6877,6877,TI,21,5251,0,0,0,2942,0,0,5128859.06054688,11121.7229512455,2489410.88183594,7750.4014320471
2184,Novazzano,6883,6883,TI,21,5260,0,0,0,2437,0,0,10812325.7358398,17558.1003765584,5250134.07836914,12237.2195972549
2185,Lugano 1,6900,6900,TI,21,5192,0,3,0,36154,8.29784,0,17710399.2021484,23438.8667128027,8549886.9152832,16280.7946002058
2186,Pazzallo,6912,6912,TI,21,5192,0,0,0,1486,0,0,5092885.62402344,14030.4745221176,2460518.83251953,9751.54986281172
2187,Carabbia,6913,6913,TI,21,5192,0,0,0,651,0,0,2159339.94726563,8326.32505698616,1043639.04296875,5784.69963922704
2188,Carona,6914,6914,TI,21,5192,0,0,0,885,0,0,9518458.8125,19167.144410282,4602694.53540039,13322.3568269378
2189,Pambio-Noranco,6915,6915,TI,21,5192,0,0,0,769,0,0,1115168.20410156,5429.80056883929,538683.070068359,3773.85937542166
2190,Grancia,6916,6916,TI,21,5186,0,0,0,494,0,0,1332328.05810547,6004.8703717095,643988.613769531,4171.56163877904
2191,Barbengo,6917,6917,TI,21,5192,0,0,0,755,0,0,2001634.04003906,7982.42347079985,967777.038574219,5549.09690066869
2192,Figino,6918,6918,TI,21,5192,0,0,0,1427,0,0,5322844.95166016,14935.8155937604,2573984.15722656,10385.7932828896
2193,Carabietta,6919,6919,TI,21,5236,0,0,0,128,0,0,1896871.97949219,5324.11147830125,916846.410888672,3701.39016903467
2194,Vico Morcote,6921,6921,TI,21,5233,0,0,0,404,0,0,5074276.75683594,10508.4472673849,2455689.3371582,7308.87055059619
2195,Morcote,6922,6922,TI,21,5203,0,1,0,781,128.04097,0,11000465.590332,17086.7409164359,5324044.86254883,11884.8238141392
2196,Sorengo,6924,6924,TI,21,5225,0,0,0,2018,0,0,1696360.80322266,7146.17699533261,819006.521240234,4965.64815171447
2197,Gentilino,6925,6925,TI,21,5236,0,0,0,1491,0,0,2591454.82373047,8521.75556331831,1251516.99414063,5926.25595689519
2198,Montagnola,6926,6926,TI,21,5236,0,1,0,2638,37.90751,0,8329921.66552734,16501.3282541838,4024669.73071289,11466.5366913196
2199,Agra,6927,6927,TI,21,5236,0,0,0,649,0,0,2683028.05273438,9029.14874935596,1296859.56201172,6274.33077490444
2200,Manno,6928,6928,TI,21,5194,0,0,0,1533,0,0,4915115.88037109,9979.94237657526,2370351.07519531,6929.20037355148
2201,Gravesano,6929,6929,TI,21,5187,0,0,0,1174,0,0,1493080.06103516,4995.15169148603,719749.354736328,3469.16945530583
2202,Bedano,6930,6930,TI,21,5148,0,0,0,1661,0,0,3845382.53417969,10188.2770328474,1852954.62792969,7071.09940424847
2203,Breganzona,6932,6932,TI,21,5192,0,0,0,5519,0,0,4662603.35253906,9504.01250580179,2250379.28320313,6600.85147205634
2204,Muzzano,6933,6933,TI,21,5205,0,0,0,868,0,0,3265590.28515625,9070.74926754245,1576792.1784668,6303.20146886813
2205,Bioggio,6934,6934,TI,21,5151,0,0,0,1598,0,0,5505649.02392578,15187.0348584921,2656613.83227539,10545.7366462778
2206,Bosco Luganese,6935,6935,TI,21,5151,0,0,0,484,0,0,3285917.83544922,8932.53223170368,1584692.65698242,6199.58020612514
2207,Cademario,6936,6936,TI,21,5161,0,0,0,768,0,0,7966672.56445313,14245.8275094877,3843107.13818359,9888.20655551933
2208,Breno,6937,6937,TI,21,5237,0,0,0,298,0,0,12157101.1225586,21225.0591302718,5860122.28198242,14735.9596033296
2209,Vezio,6938,6938,TI,21,5237,0,0,0,332,0,0,12496130.1113281,18653.7421028745,6020660.48779297,12940.829906797
2210,Arosio-Mugena,6939,6939,TI,21,5237,0,0,0,794,0,0,21485018.3955078,25959.518723322,10350701.1950684,18014.7581664918
2211,Savosa,6942,6942,TI,21,5221,0,0,0,2158,0,0,1561164.06982422,6369.7231745114,753204.582763672,4426.63366356225
2212,Vezia,6943,6943,TI,21,5231,0,0,0,1906,0,0,2804696.72558594,8159.83546576304,1352877.46826172,5665.62670261569
2213,Cureglia,6944,6944,TI,21,5180,0,0,0,1360,0,0,2246868.74169922,7321.64900162763,1083287.64550781,5080.46079066237
2214,Origlio,6945,6945,TI,21,5208,0,0,0,1457,0,0,4364959.17089844,10131.0796021841,2103433.69628906,7031.96585566541
2215,Ponte Capriasca,6946,6946,TI,21,5212,0,0,0,1896,0,0,12874767.6020508,28650.1824927019,6191831.20898438,19870.7464255955
2216,Vaglio,6947,6947,TI,21,5226,0,0,0,652,0,0,3070419.76025391,7778.94667727295,1479385.52026367,5397.00264228911
2217,Porza,6948,6948,TI,21,5214,0,0,0,1532,0,0,3199549.25244141,8548.43372896167,1543202.73754883,5938.7222660506
2218,Comano,6949,6949,TI,21,5176,0,0,0,2053,0,0,4297056.39794922,8441.68089585884,2071589.49560547,5859.61173293017
2219,Tesserete,6950,6950,TI,21,5226,0,0,0,1535,0,0,1624071.15869141,5427.82732809282,782094.771484375,3766.36360216095
2220,Bogno,6951,6951,TI,21,5192,0,0,0,580,0,0,29072600.5751953,26420.7979440857,13985779.7539063,18324.2963705892
2221,Canobbio,6952,6952,TI,21,5167,0,0,0,2168,0,0,2647711.72070313,7941.09960329191,1276599.79370117,5510.14796016386
2222,Lugaggia,6953,6953,TI,21,5226,0,1,0,1094,91.40768,0,3324996.2421875,8078.86779758208,1602012.49804688,5603.96610467293
2223,Sala Capriasca,6954,6954,TI,21,5226,0,0,0,1025,0,0,9768390.70068359,15024.5257093835,4702772.84375,10420.5328633606
2224,Oggio,6955,6955,TI,21,5226,0,0,0,761,0,0,1498489.97705078,8077.19404352429,721659.202148438,5606.55706667224
2225,Lopagno,6956,6956,TI,21,5226,0,0,0,283,0,0,852804.530273438,5418.40531348692,410679.667480469,3759.59981929724
2226,Roveredo TI,6957,6957,TI,21,5226,0,0,0,172,0,0,1031730.13378906,6018.75231387043,496760.369384766,4177.24716054186
2227,Bidogno,6958,6958,TI,21,5226,0,0,0,587,0,0,12984175.5844727,21285.6549936211,6248259.83032227,14762.6580404197
2228,Curtina,6959,6959,TI,21,5192,0,0,0,486,0,0,20027710.4755859,23430.930560436,9642492.40161133,16262.3139997258
2229,Odogno,6960,6960,TI,21,5226,0,0,0,646,0,0,41427284.7998047,38561.2466812864,19926173.972168,26743.6092552314
2230,Viganello,6962,6962,TI,21,5192,0,0,0,6759,0,0,2518000.99853516,7895.27669528985,1215114.43432617,5486.76758093185
2231,Cureggia,6963,6963,TI,21,5192,0,0,0,8350,0,0,5989999.39599609,10872.8645148992,2889608.44238281,7553.92215033397
2232,Davesco-Soragno,6964,6964,TI,21,5192,0,0,0,1628,0,0,5100404.64404297,10346.157638587,2459544.73168945,7189.46816490429
2233,Cadro,6965,6965,TI,21,5192,0,1,0,2453,40.76641,0,9525511.74462891,15456.2520374884,4591733.09863281,10734.2371776961
2234,Villa Luganese,6966,6966,TI,21,5192,0,0,0,559,0,0,4576725.31884766,10141.6557090824,2205445.21044922,7043.60624241113
2235,Dino,6967,6967,TI,21,5192,0,0,0,1032,0,0,1793400.23291016,7568.47146689302,864131.615234375,5251.72129384662
2236,Sonvico,6968,6968,TI,21,5192,0,0,0,1049,0,0,21062204.0678711,21317.6338568022,10144539.3723145,14800.806253977
2237,Aldesago,6974,6974,TI,21,5192,0,0,0,379,0,0,695176.9453125,4324.67160548764,335509.126708984,3003.99841169395
2238,Castagnola,6976,6976,TI,21,5192,0,0,0,1268,0,0,4483752.31933594,10280.8088728263,2164647.65991211,7145.91053501264
2239,Ruvigliana,6977,6977,TI,21,5192,0,0,0,716,0,0,1220343.74316406,7037.49543041548,589061.051757813,4891.80652700379
2240,Gandria,6978,6978,TI,21,5192,0,0,0,223,0,0,5601756.40478516,11401.6224515515,2703441.78027344,7921.08332417824
2241,Brè sopra Lugano,6979,6979,TI,21,5192,0,0,0,383,0,0,7873283.91894531,12526.7916938723,3798778.20239258,8701.69599527938
2242,Castelrotto,6980,6980,TI,21,5178,0,0,0,235,0,0,1992275.91308594,7205.18594575256,962090.400146484,5007.8540392613
2243,Bombinasco,6981,6981,TI,21,5181,0,0,0,847,0,0,8141632.88574219,16581.4274269861,3930101.32128906,11516.6108775054
2244,Agno,6982,6982,TI,21,5141,0,0,0,4063,0,0,5590353.60498047,11210.2044775331,2698914.15332031,7781.9872018852
2245,Magliaso,6983,6983,TI,21,5193,0,0,0,1610,0,0,3711735.64550781,9346.05416817464,1793127.04077148,6495.34904088943
2246,Pura,6984,6984,TI,21,5216,0,0,0,1440,0,0,6511894.96875,11134.4399247678,3145821.59301758,7738.79230558879
2247,Miglieglia,6986,6986,TI,21,5200,0,0,0,1703,0,0,24048893,26647.0513506489,11601854.1977539,18504.5453481658
2248,Caslano,6987,6987,TI,21,5171,0,0,0,4294,0,0,9521501.22460938,12246.1060981353,4602309.0065918,8513.89260149922
2249,Ponte Tresa,6988,6988,TI,21,5213,0,0,0,754,0,0,1091529.86376953,4668.30872317947,527553.557373047,3244.98728151426
2250,Purasca,6989,6989,TI,21,5178,0,0,0,442,0,0,3967470.82910156,9521.73170527325,1916766.08374023,6615.23163424359
2251,Cassina d'Agno,6990,6990,TI,21,5141,0,0,0,413,0,0,1256139.02246094,5952.80875923209,606658.259277344,4136.68720476853
2252,Neggio,6991,6991,TI,21,5206,0,0,0,321,0,0,1791237.94384766,8460.79210012002,865134.466796875,5879.6621177787
2253,Vernate,6992,6992,TI,21,5230,0,2,0,1055,189.57346,0,5505336.04248047,15524.72964608,2657934.17700195,10782.1790527515
2254,Iseo,6993,6993,TI,21,5151,0,0,0,96,0,0,2011360.59423828,6392.44012933813,970891.850097656,4440.73460562345
2255,Aranno,6994,6994,TI,21,5143,0,0,0,390,0,0,5131227.14746094,9570.28696714906,2475660.60473633,6644.77452243257
2256,Madonna del Piano,6995,6995,TI,21,5178,0,0,0,100,0,0,1565764.25830078,6518.14513641594,756247.242431641,4530.89562053067
2257,Sessa,6997,6997,TI,21,5222,0,0,0,668,0,0,6044160.77294922,13236.7284779245,2917776.57421875,9199.4737170328
2258,Monteggio 2,6998,6998,TI,21,5202,0,0,0,926,0,0,6927725.06591797,14578.3272658889,3345168.42041016,10132.2833036081
2259,Astano,6999,6999,TI,21,5146,0,0,0,325,0,0,7868892.95703125,12073.7886381145,3796961.58764648,8389.64755523738
2260,Chur Logistikzentrum,7000,7000,GR,18,3901,0,14,0,35368,39.5838,0,57787437.9179688,39160.4347759248,27038432.7651367,26784.2892797898
2261,Felsberg,7012,7012,GR,18,3731,0,0,0,2620,0,0,28731605.9174805,27947.2342315082,13441354.5825195,19114.5814681354
2262,Domat/Ems Zustellung,7013,7013,GR,18,3722,0,4,0,8024,49.85045,0,50995471.9736328,37734.9175366738,23889581.2102051,25832.1582342758
2263,Trin,7014,7014,GR,18,3734,0,2,0,887,225.47914,0,87101161.5581055,52080.5357480838,40730047.3503418,35615.0490703829
2264,Tamins,7015,7015,GR,18,3733,0,0,0,1239,0,0,35921799.8779297,33393.1152156565,16813146.0688477,22852.9290931354
2265,Trin Mulin,7016,7016,GR,18,3734,0,0,0,564,0,0,12740687.1499023,17060.0648134727,5967986.38452148,11672.751792252
2266,Flims Dorf,7017,7017,GR,18,3732,0,0,0,1708,0,0,87935107.0288086,59921.3426248985,41127074.6171875,40976.9811278542
2267,Flims Waldhaus,7018,7018,GR,18,3732,0,1,0,1022,97.84736,0,8478763.45263672,11898.973704031,3971245.63110352,8144.17566106341
2268,Fidaz,7019,7019,GR,18,3732,0,0,0,164,0,0,11793284.9609375,21176.0675892013,5519457.73535156,14488.5206382806
2269,Haldenstein,7023,7023,GR,18,3941,0,0,0,1040,0,0,39867104.5400391,30193.6786300397,18633379.4536133,20643.0400233738
2270,Maladers,7026,7026,GR,18,3901,0,0,0,532,0,0,16229458.5087891,18488.2171069307,7595925.10620117,12647.7015116768
2271,Lüen,7027,7027,GR,18,3921,0,0,0,273,0,0,30069888.0854492,25043.9498803203,14071583.032959,17131.7872332788
2272,St. Peter,7028,7028,GR,18,3921,0,0,0,238,0,0,26094355.3408203,28295.7156407627,12211071.9033203,19357.5513155792
2273,Peist,7029,7029,GR,18,3921,0,0,0,204,0,0,29859921.9638672,27492.4556278242,13976399.1555176,18807.6824735562
2274,Laax GR,7031,7031,GR,18,3575,0,0,0,1701,0,0,13776182.6137695,20027.0184530318,6456065.22851563,13713.1676905781
2275,Laax GR 2,7032,7031,GR,18,3575,0,0,0,182,0,0,76798009.1860352,44321.793656233,35934629.0187988,30315.8940513572
2276,Arosa,7050,7050,GR,18,3921,0,1,0,2077,48.14636,0,98433373.6337891,61593.2121990467,46197755.7109375,42197.9285667024
2277,Molinis,7056,7056,GR,18,3921,0,0,0,113,0,0,28173243.2646484,23197.7305375988,13200881.2866211,15877.8329947235
2278,Langwies,7057,7057,GR,18,3921,0,0,0,252,0,0,112412848.363281,48117.5898457539,52654062.6252441,32933.9723839508
2279,Litzirüti,7058,7058,GR,18,3921,0,0,0,88,0,0,1774189.49609375,5802.13688963498,831793.693847656,3971.25579304768
2280,Passugg,7062,7062,GR,18,3911,0,0,0,129,0,0,7583166.50927734,12409.0836032751,3552251.53442383,8492.41303204048
2281,Praden,7063,7063,GR,18,3932,0,0,0,121,0,0,13695307.1269531,17654.8357937111,6415462.78955078,12080.9716638213
2282,Tschiertschen,7064,7064,GR,18,3932,0,0,0,200,0,0,45520587.1958008,31572.0059947512,21345961.5437012,21609.2926515375
2283,Malix,7074,7074,GR,18,3911,0,0,0,766,0,0,28971600.28125,24388.9767174628,13576338.2739258,16687.1095761452
2284,Churwalden,7075,7075,GR,18,3911,0,0,0,869,0,0,44313202.5751953,37293.0035411633,20787723.9787598,25537.7382800609
2285,Parpan,7076,7076,GR,18,3911,0,0,0,226,0,0,25018279.1201172,29967.7757039617,11739035.3916016,20521.9899717365
2286,Valbella,7077,7077,GR,18,3506,0,0,0,659,0,0,10760106.1450195,16076.8888757962,5053318.86889648,11016.7953944361
2287,Lenzerheide/Lai,7078,7078,GR,18,3506,0,0,0,1628,0,0,59109118.3891602,44623.4353392838,27780799.9863281,30582.899197758
2288,Vaz/Obervaz,7082,7082,GR,18,3506,0,0,0,620,0,0,17096748.90625,24676.6681924188,8045531.30029297,16931.4766025862
2289,Lantsch/Lenz,7083,7083,GR,18,3513,0,0,0,541,0,0,46296973.7446289,32308.6309833881,21779107.479248,22151.308301211
2290,Brienz/Brinzauls GR,7084,7084,GR,18,3542,0,0,0,146,0,0,28454540.0566406,25141.7999924511,13397142.083252,17246.9488991785
2291,Versam,7104,7104,GR,18,3672,0,0,0,267,0,0,29166495.8378906,37874.7571826208,13684974.925293,25935.5913391252
2292,Tenna,7106,7106,GR,18,3672,0,0,0,97,0,0,18668369.7636719,21390.289995401,8769209.12670898,14663.8772517413
2293,Safien Platz,7107,7107,GR,18,3672,0,0,0,182,0,0,67686065.0595703,38435.2728517112,31834114.8540039,26355.3586456611
2294,Thalkirch,7109,7109,GR,18,3672,0,0,0,121,0,0,145767539.677734,59574.2735143638,68762386.9291992,40914.1731026412
2295,Peiden,7110,7110,GR,18,3618,0,0,0,17,0,0,3260948.58105469,11375.3257865576,1533513.61035156,7801.07922754577
2296,Pitasch,7111,7111,GR,18,3619,0,0,0,87,0,0,23054324.1303711,22247.5493783704,10839259.6958008,15261.2405961313
2297,Duvin,7112,7112,GR,18,3619,0,0,0,81,0,0,38083928.2543945,38578.6644702767,17922614.496582,26457.5561163557
2298,Camuns,7113,7113,GR,18,3618,0,0,0,43,0,0,23707953.0751953,26303.2953836178,11160138.8837891,18039.7946390186
2299,Uors (Lumnezia),7114,7114,GR,18,3618,0,0,0,60,0,0,1693605.48535156,6146.82324525921,796802.898681641,4215.91792109946
2300,Surcasti,7115,7115,GR,18,3618,0,0,0,80,0,0,12432129.3432617,17728.7823602116,5853980.10693359,12161.4721344329
2301,Tersnaus,7116,7116,GR,18,3618,0,0,0,83,0,0,58790528.4936523,40324.7204024563,27704657.954834,27676.4771370494
2302,Valendas,7122,7122,GR,18,3672,0,0,0,308,0,0,48465213.3999023,32620.2035521348,22743464.6311035,22339.7803695241
2303,Castrisch,7126,7126,GR,18,3619,0,1,0,412,242.71845,0,15369398.5932617,18896.4914624781,7212590.82641602,12949.4748060019
2304,Sevgein,7127,7127,GR,18,3619,0,0,0,226,0,0,9479236.51171875,16411.1784961807,4450910.30102539,11242.9008705752
2305,Riein,7128,7128,GR,18,3619,0,0,0,57,0,0,33871151.8144531,25793.4075689908,15912983.6535645,17681.5300768078
2306,Schnaus,7130,7130,GR,18,3619,0,0,0,2740,0,0,16133139.4946289,33686.9363600847,7567806.66015625,23068.3206165301
2307,Vals,7132,7132,GR,18,3603,0,0,0,983,0,0,322936613.28418,88083.0627156503,152666355.020264,60560.998123309
2308,Obersaxen,7134,7134,GR,18,3988,0,0,0,877,0,0,132060979.853516,51839.6912834748,62095116.7624512,35549.3635129812
2309,Flond,7137,7137,GR,18,3988,0,0,0,222,0,0,4625399.13134766,13452.3038158536,2171105.92504883,9223.4734446219
2310,Surcuolm,7138,7138,GR,18,3988,0,0,0,148,0,0,15857020.637207,19831.8038877132,7446833.6159668,13591.240137522
2311,Luven,7141,7141,GR,18,3619,0,0,0,163,0,0,14025335.152832,16319.3260562207,6586187.43774414,11187.3587307154
2312,Cumbel,7142,7142,GR,18,3618,0,2,0,220,909.09091,0,9509598.02685547,14777.2987806025,4468982.93505859,10130.2094584455
2313,Morissen,7143,7143,GR,18,3618,0,1,0,218,458.7156,0,11994111.0195313,15195.1123273745,5636531.34716797,10419.8595569423
2314,Vella,7144,7144,GR,18,3618,0,0,0,502,0,0,15747009.8808594,21447.2852441177,7403845.02856445,14712.8566244512
2315,Degen,7145,7145,GR,18,3618,0,0,0,133,0,0,4561700.74853516,9844.2187426743,2146014.9609375,6751.51265839705
2316,Vattiz,7146,7146,GR,18,3618,0,0,0,86,0,0,9674675.0078125,17084.8078769396,4550396.00292969,11719.7973873471
2317,Vignogn,7147,7147,GR,18,3618,0,0,0,157,0,0,16966624.1293945,30411.0999727539,7985332.40991211,20862.719108929
2318,Lumbrein,7148,7148,GR,18,3618,0,0,0,344,0,0,80457314.7119141,52069.3314913176,37903076.1520996,35745.1131755392
2319,Vrin,7149,7149,GR,18,3618,0,0,0,206,0,0,150940836.998047,61463.3430148926,71223959.8408203,42228.2156062151
2320,Schluein,7151,7151,GR,18,3582,0,0,0,644,0,0,10260254.8647461,17421.0212001674,4812081.79956055,11930.0314201408
2321,Sagogn,7152,7152,GR,18,3581,0,0,0,726,0,0,14662071.1757813,20693.0210585956,6874140.73803711,14173.3252111971
2322,Falera,7153,7153,GR,18,3572,0,0,0,623,0,0,24705933.8623047,23699.4701210273,11577006.3725586,16228.169507198
2323,Ruschein,7154,7154,GR,18,3619,0,0,0,349,0,0,26722259.9858398,40659.4675296347,12514192.9941406,27812.4836883615
2324,Ladir,7155,7155,GR,18,3619,0,0,0,113,0,0,15620503.2915039,24021.3578136487,7319842.62280273,16434.3629021476
2325,Pigniu,7156,7156,GR,18,3619,0,0,0,413,0,0,63297990.6728516,58610.6603950329,29648409.140625,40105.3743039089
2326,Siat,7157,7157,GR,18,3619,0,0,0,156,0,0,28880296.1567383,32145.0976414278,13531752.1831055,21985.1831689596
2327,Waltensburg/Vuorz,7158,7158,GR,18,3981,0,0,0,322,0,0,68629655.8520508,52912.7532736427,32160351.9106445,36206.7718186745
2328,Andiast,7159,7159,GR,18,3981,0,0,0,205,0,0,29328018.1264648,39600.0579251961,13739795.3293457,27083.9555415617
2329,Tavanasa,7162,7162,GR,18,3981,0,0,0,130,0,0,7398791.92333984,17062.5709539541,3474173.92480469,11700.7663117474
2330,Danis,7163,7163,GR,18,3981,0,0,0,294,0,0,1963307.01757813,9367.91930585037,921883.076904297,6423.35550623753
2331,Dardin,7164,7164,GR,18,3981,0,0,0,151,0,0,9442708.765625,16431.1478565313,4433242.97558594,11260.5419845004
2332,Breil/Brigels,7165,7165,GR,18,3981,0,0,0,666,0,0,86719508.9194336,46137.9999339717,40666294.1943359,31597.647419228
2333,Trun,7166,7166,GR,18,3987,0,0,0,997,0,0,82562812.5336914,66797.6816091421,38790704.282959,45770.8653310366
2334,Zignau,7167,7167,GR,18,3987,0,0,0,104,0,0,8503195.38525391,17967.3018585073,3996089.13964844,12315.9131637735
2335,Schlans,7168,7168,GR,18,3987,0,0,0,78,0,0,18745798.1748047,20743.9353734386,8799419.26391602,14211.4288546793
2336,Rabius,7172,7172,GR,18,3985,0,0,0,442,0,0,8573453.95458984,20196.0090298568,4027937.37158203,13838.2712926012
2337,Surrein,7173,7173,GR,18,3985,0,0,0,246,0,0,117534167.227051,60521.4553277797,55358687.3518066,41529.7511488341
2338,S. Benedetg,7174,7174,GR,18,3985,0,0,0,25,0,0,1211912.35595703,4929.25685944838,569490.551757813,3378.90401180544
2339,Sumvitg,7175,7175,GR,18,3985,0,1,0,315,317.46032,0,75347713.9272461,47185.6036014855,35372867.9946289,32323.8737075181
2340,Cumpadials,7176,7176,GR,18,3985,0,0,0,156,0,0,14007404.9072266,20096.0442587694,6588957.65356445,13783.4114813744
2341,Disentis/Mustér,7180,7180,GR,18,3982,0,1,0,1789,55.89715,0,151746823.594238,75623.9159927258,71283270.8183594,51827.1543488383
2342,Cavardiras,7182,7182,GR,18,3982,0,0,0,25,0,0,16996967.9296875,19722.3296742282,7997914.87036133,13532.0563003202
2343,Mumpé Medel,7183,7183,GR,18,3982,0,0,0,43,0,0,9695931.84130859,16150.1654252847,4565408.9831543,11087.1974743661
2344,Curaglia,7184,7184,GR,18,3983,0,0,0,266,0,0,110755039.899414,72028.7339289078,52206721.8710938,49450.615359974
2345,Platta,7185,7185,GR,18,3983,0,0,0,93,0,0,177733034.181641,58346.9401864179,83920129.9382324,40095.3896797641
2346,Segnas,7186,7186,GR,18,3982,0,0,0,249,0,0,15462647.3701172,22332.3423741027,7277532.26293945,15326.7313780398
2347,Camischolas,7187,7187,GR,18,3986,0,0,0,262,0,0,2278015.52148438,7063.00986044944,1072659.01123047,4844.8584536884
2348,Sedrun,7188,7188,GR,18,3986,0,2,0,722,277.00831,0,157791486.703125,70242.3794015737,74418889.7880859,48204.2317420376
2349,Rueras,7189,7189,GR,18,3986,0,2,0,272,735.29412,0,123694619.837402,75096.6800539599,58276412.6013184,51527.4148367394
2350,Says,7202,7202,GR,18,3945,0,0,0,171,0,0,23596076.7592773,23366.6910772002,11020558.4477539,15964.1393353715
2351,Trimmis,7203,7203,GR,18,3945,0,1,0,3157,31.67564,0,39146980.8027344,35317.9858454242,18291766.3483887,24142.5541827396
2352,Untervaz,7204,7204,GR,18,3946,0,0,0,2520,0,0,59347191.2451172,34955.4019796281,27698205.3896484,23883.9444987413
2353,Zizers,7205,7205,GR,18,3947,0,1,0,3520,28.40909,0,21718985.2563477,22471.179790382,10131454.2727051,15348.9895235225
2354,Igis,7206,7206,GR,18,3955,0,0,0,3550,0,0,6160871.85253906,11282.1424607736,2872731.05126953,7706.72330854068
2355,Malans GR,7208,7208,GR,18,3954,0,3,0,2385,125.78616,0,24422563.1928711,27616.5308481191,11369518.5698242,18847.1676640017
2356,Seewis Dorf,7212,7212,GR,18,3972,0,0,0,1398,0,0,106263037.310547,67925.1620373189,49407718.2531738,46335.2633245363
2357,Valzeina,7213,7213,GR,18,3961,0,0,0,132,0,0,49072836.8256836,47603.9658221294,22906833.8442383,32506.7008342888
2358,Grüsch,7214,7214,GR,18,3961,0,0,0,1518,0,0,26580028.550293,28464.103256193,12385972.96875,19431.9040813806
2359,Fanas,7215,7215,GR,18,3961,0,1,0,456,219.29825,0,47453081.3813477,32262.7235717582,22076013.6384277,22011.7396630349
2360,Schiers,7220,7220,GR,18,3962,0,0,0,2266,0,0,33565392.3847656,37921.5426401384,15630197.5788574,25878.4236914358
2361,Lunden,7222,7222,GR,18,3962,0,0,0,205,0,0,4744056.48730469,9733.93230931444,2211583.59228516,6643.92008290396
2362,Buchen im Prättigau,7223,7223,GR,18,3891,0,0,0,191,0,0,5548491.67236328,10820.2532812373,2587818.85839844,7387.14828415362
2363,Putz,7224,7224,GR,18,3891,0,0,0,95,0,0,3800772.34375,8905.13307670974,1773442.35791016,6087.29276068257
2364,Stels,7226,7226,GR,18,3962,0,0,0,190,0,0,65822693.2958984,55703.5190270442,30644190.7844238,38011.8121127545
2365,Schuders,7228,7228,GR,18,3962,0,0,0,182,0,0,39490976.3862305,32766.1788415021,18373272.935791,22349.3383363511
2366,Pragg-Jenaz,7231,7231,GR,18,3863,0,0,0,475,0,0,10345235.9560547,16507.0587801903,4824294.71142578,11273.8630894251
2367,Furna,7232,7232,GR,18,3862,0,0,0,244,0,0,70991029.6704102,47048.2482815655,33141222.7814941,32141.3830439012
2368,Jenaz,7233,7233,GR,18,3863,0,0,0,689,0,0,45261521.7094727,38229.3505744238,21141869.78125,26117.327963221
2369,Fideris,7235,7235,GR,18,3861,0,0,0,632,0,0,54283228.53125,37026.8420928791,25366951.4128418,25310.0339114184
2370,Küblis,7240,7240,GR,18,3882,0,0,0,993,0,0,18839163.9594727,25220.4635060826,8790982.91748047,17237.0363844427
2371,Conters im Prättigau,7241,7241,GR,18,3881,0,0,0,229,0,0,37299888.5244141,27045.1339090865,17430904.736084,18484.1081250254
2372,Luzein,7242,7242,GR,18,3891,0,0,0,217,0,0,3239202.08789063,7176.81186664719,1511774.5612793,4905.11839198145
2373,Pany,7243,7243,GR,18,3891,0,1,0,584,171.23288,0,34133869.4931641,30496.1477891869,15914461.7294922,20823.2059897323
2374,Gadenstätt,7244,7244,GR,18,3891,0,0,0,41,0,0,4761855.77246094,9745.44788119808,2220454.25317383,6652.49644571821
2375,Ascharina,7245,7245,GR,18,3891,0,0,0,139,0,0,23875801.4399414,21762.4755320383,11131264.0336914,14861.120946762
2376,St. Antönien,7246,7246,GR,18,3891,0,0,0,234,0,0,91865955.1088867,52061.0267667867,42780728.027832,35530.7740220148
2377,Saas im Prättigau,7247,7247,GR,18,3871,0,0,0,773,0,0,57249477.4433594,41612.909448958,26724622.8967285,28441.485010492
2378,Serneus,7249,7249,GR,18,3871,0,0,0,507,0,0,21275193.0888672,20605.0422553104,9941409.03710938,14089.3536632526
2379,Klosters,7250,7250,GR,18,3871,0,0,0,2622,0,0,351335784.993164,110635.847198075,164420061.421875,75698.8170625414
2380,Klosters Dorf,7252,7252,GR,18,3871,0,0,0,669,0,0,41659082.7666016,37905.0031591946,19456289.5083008,25918.2432224638
2381,Davos Dorf,7260,7260,GR,18,3851,0,0,0,2680,0,0,221906064.751465,91352.5747368543,104156481.986572,62572.02204808
2382,Davos Wolfgang,7265,7265,GR,18,3851,0,0,0,640,0,0,36241120.5830078,27145.7153373368,16965617.5070801,18575.60949551
2383,Davos Platz 1,7270,7270,GR,18,3851,0,1,0,6127,16.3212,0,48866998.9038086,41547.580945856,22919885.5952148,28453.4128797411
2384,Davos Clavadel,7272,7272,GR,18,3851,0,0,0,275,0,0,95960720.6308594,46694.3529580251,45115961.8884277,31995.4038400115
2385,Davos Frauenkirch,7276,7276,GR,18,3851,0,0,0,351,0,0,38523345.234375,32871.505071674,18075841.2514648,22521.3905939892
2386,Davos Glaris,7277,7277,GR,18,3851,0,0,0,428,0,0,57538484.8276367,41626.1750210678,27034743.9831543,28532.8203512745
2387,Davos Monstein,7278,7278,GR,18,3851,0,0,0,161,0,0,46186076.7104492,29137.2423845484,21734100.6506348,19986.5160619008
2388,Landquart Dist Ba,7302,7302,GR,18,3955,0,0,0,4646,0,0,19692761.0078125,22872.6722472006,9177039.66088867,15617.8198277538
2389,Mastrils,7303,7303,GR,18,3955,0,0,0,568,0,0,16162191.0249023,20376.288922858,7532432.16821289,13913.4569153716
2390,Maienfeld Stutz,7304,7304,GR,18,3953,0,0,0,2949,0,0,89173096.5322266,61910.8550088323,41448842.059082,42212.0431172787
2391,Fläsch,7306,7306,GR,18,3951,0,0,0,794,0,0,22653709.2978516,28111.8690966198,10526251.6318359,19156.3322967941
2392,Jenins,7307,7307,GR,18,3952,0,1,0,890,112.35955,0,22536245.6240234,32815.8503231932,10482513.0183105,22383.5920449852
2393,Bad Ragaz Zustellung,7310,7310,SG,17,3291,0,3,0,6085,49.30156,0,52790870.5141602,61618.617847378,24568946.1252441,42042.4205024244
2394,Pfäfers,7312,7312,SG,17,3294,0,0,0,631,0,0,8826403.05078125,19572.9522699913,4109503.25024414,13356.2672580287
2395,St. Margrethenberg,7313,7313,SG,17,3294,0,0,0,111,0,0,10968538.1616211,15399.2242592094,5109920.47338867,10508.0554098779
2396,Vadura,7314,7314,SG,17,3294,0,0,0,68,0,0,12654768.4511719,16750.4764687282,5898405.66625977,11426.7201934195
2397,Vättis,7315,7315,SG,17,3294,0,0,0,396,0,0,260459125.686035,80474.9908358539,121595503.047852,55002.0098591874
2398,Vasön,7317,7317,SG,17,3294,0,0,0,439,0,0,37617783.9858398,34947.9292555086,17525632.6013184,23850.7342651864
2399,Sargans Zustellung,7320,7320,SG,17,3296,0,3,0,5726,52.3926,0,20554524.2138672,21639.4462091493,9545136.26147461,14747.8432336858
2400,Wangs,7323,7323,SG,17,3297,0,0,0,2787,0,0,51599755.7695313,34174.6181760483,24006096.0568848,23299.063455051
2401,Vilters,7324,7324,SG,17,3297,0,0,0,2092,0,0,18788733.2080078,26629.4932751918,8736765.92504883,18151.2562179462
2402,Schwendi im Weisstannental,7325,7325,SG,17,3293,0,0,0,119,0,0,30873158.9755859,38090.7559665755,14368386.529541,25978.9757213582
2403,Weisstannen,7326,7326,SG,17,3293,0,0,0,135,0,0,154397126.04834,58115.6911865809,71922527.486084,39665.1321745958
2404,Bonaduz,7402,7402,GR,18,3721,0,1,0,3333,30.003,0,42430045.1088867,45915.5222837352,19895617.1918945,31440.5405479344
2405,Rhäzüns,7403,7403,GR,18,3723,0,1,0,1510,66.22517,0,28591502.4179688,27396.7765449016,13411126.1911621,18763.8907630414
2406,Feldis/Veulden,7404,7404,GR,18,3673,0,0,0,125,0,0,16233189.3676758,20479.3169340958,7611132.55371094,14025.5049856374
2407,Rothenbrunnen,7405,7405,GR,18,3637,0,0,0,306,0,0,7260099.24365234,16389.888585693,3406423.62792969,11223.7194265255
2408,Trans,7407,7407,GR,18,3673,0,0,0,64,0,0,15755640.8696289,18066.8891882843,7396637.63549805,12385.1830185032
2409,Cazis,7408,7408,GR,18,3661,0,0,0,1274,0,0,12755048.3930664,19734.9471625012,5993187.47143555,13516.9006615933
2410,Sils im Domleschg,7411,7411,GR,18,3640,0,0,0,955,0,0,19679727.9311523,25593.4635631463,9263255.53491211,17563.1363716855
2411,Scharans,7412,7412,GR,18,3638,0,0,0,757,0,0,30523681.953125,28342.5955345929,14353000.03125,19440.134896161
2412,Fürstenaubruck,7413,7413,GR,18,3633,0,0,0,184,0,0,505879.740722656,3278.41279776327,237909.071044922,2247.96148657347
2413,Fürstenau,7414,7414,GR,18,3633,0,0,0,191,0,0,2210613.16064453,6827.10888906034,1039302.47729492,4681.14835196443
2414,Rodels,7415,7415,GR,18,3673,0,0,0,538,0,0,5481319.02880859,13154.8195443167,2575593.36425781,9014.63402222602
2415,Almens,7416,7416,GR,18,3673,0,0,0,227,0,0,17477127.2729492,20461.2601652249,8210799.36132813,14030.3833725392
2416,Paspels,7417,7417,GR,18,3673,0,0,0,556,0,0,9928757.43212891,19076.2890943645,4663097.97973633,13077.114931715
2417,Tumegl/Tomils,7418,7418,GR,18,3673,0,0,0,460,0,0,6852164.95117188,15552.2621181363,3216606.05761719,10660.3681344639
2418,Scheid,7419,7419,GR,18,3673,0,0,0,153,0,0,26347052.7260742,26413.9018339154,12359292.467041,18096.5207257832
2419,Summaprada,7421,7421,GR,18,3661,0,0,0,431,0,0,2988464.30371094,13348.1736716397,1405504.03369141,9154.95703975572
2420,Tartar,7422,7422,GR,18,3661,0,0,0,196,0,0,3214067.56787109,9556.15848975755,1511117.25317383,6548.72202207679
2421,Portein,7423,7423,GR,18,3661,0,0,0,200,0,0,23580679.7475586,23176.1313668151,11087755.4470215,15894.0557775081
2422,Dalin,7424,7424,GR,18,3661,0,0,0,174,0,0,24089850.8193359,22515.8466300235,11315379.9228516,15430.2663446624
2423,Masein,7425,7425,GR,18,3663,0,0,0,535,0,0,7706111.06005859,14926.3491783746,3626693.50488281,10236.5477524317
2424,Flerden,7426,7426,GR,18,3662,0,0,0,240,0,0,12929425.0244141,26734.3444126061,6084996.578125,18344.7757757294
2425,Urmein,7427,7427,GR,18,3670,0,0,0,171,0,0,9278124.14599609,19248.8709411706,4368186.2590332,13203.1079706163
2426,Tschappina,7428,7428,GR,18,3669,0,0,0,144,0,0,52371467.7553711,34472.8408139115,24664422.425293,23657.8210091202
2427,Thusis,7430,7430,GR,18,3668,0,0,0,3171,0,0,18856111.6206055,26654.7904520092,8877432.42675781,18283.7102432146
2428,Mutten,7431,7431,GR,18,3668,0,0,0,65,0,0,21117507.3227539,21097.0248383986,9947267.43847656,14478.5928679057
2429,Zillis,7432,7432,GR,18,3712,0,0,0,400,0,0,51931240.8110352,41314.6973129109,24491783.9387207,28359.3910498491
2430,Mathon,7433,7433,GR,18,3708,0,0,0,372,0,0,113564603.309082,50910.2103781562,53574216.5334473,34976.0159161157
2431,Sufers,7434,7434,GR,18,3695,0,0,0,144,0,0,73330596.1357422,46863.4327068959,34687854.0378418,32227.9833269829
2432,Splügen,7435,7435,GR,18,3714,0,0,0,325,0,0,81980244.0239258,44541.5992105831,38807787.880127,30642.4519404954
2433,Medels im Rheinwald,7436,7436,GR,18,3714,0,0,0,52,0,0,45535906.9501953,37264.6248753752,21543828.4797363,25628.9666083201
2434,Nufenen,7437,7437,GR,18,3714,0,0,0,143,0,0,59517205.2480469,36462.3403183078,28170956.3144531,25086.616631596
2435,Hinterrhein,7438,7438,GR,18,3714,0,0,0,62,0,0,101799562.270996,55887.6377885909,48227726.0637207,38489.5868875098
2436,Andeer,7440,7440,GR,18,3701,0,0,0,749,0,0,64296765.8916016,51873.8740086166,30381718.0048828,35674.2022821727
2437,Clugin,7442,7442,GR,18,3701,0,1,0,48,2083.33333,0,5276696.51513672,13294.3621839433,2490915.1484375,9137.4505641949
2438,Pignia,7443,7443,GR,18,3701,0,0,0,126,0,0,28428065.0224609,23532.0998599651,13424471.5368652,16174.2686062966
2439,Ausserferrera,7444,7444,GR,18,3713,0,0,0,50,0,0,66840004.0869141,39085.27530215,31623825.4504395,26886.8133748088
2440,Innerferrera,7445,7445,GR,18,3713,0,0,0,40,0,0,92493703.8012695,55528.0194185774,43835445.0246582,38241.3579610655
2441,Campsut-Cröt,7446,7446,GR,18,3681,0,0,0,41,0,0,130508096.76416,62118.7579786559,62036239.421875,42800.055746919
2442,Cresta (Avers),7447,7447,GR,18,3681,0,0,0,121,0,0,102503214.144043,46598.1503641498,48689515.6743164,32092.8516135212
2443,Juf,7448,7448,GR,18,3681,0,0,0,28,0,0,37981689.0708008,27420.639313592,18048828.3547363,18888.8778123962
2444,Tiefencastel,7450,7450,GR,18,3542,0,0,0,264,0,0,35198267.2382813,48877.1512365531,16593957.3894043,33557.6326163808
2445,Alvaschein,7451,7451,GR,18,3542,0,0,0,121,0,0,8829387.15332031,17844.8002639148,4157990.58081055,12247.202073919
2446,Cunter,7452,7452,GR,18,3543,0,0,0,258,0,0,15041011.5043945,22894.620240177,7098298.37646484,15722.9830770183
2447,Tinizong,7453,7453,GR,18,3543,0,0,0,218,0,0,58838947.8818359,38360.3443188212,27801720.9516602,26380.7420846205
2448,Rona,7454,7454,GR,18,3543,0,0,0,85,0,0,55759950.1240234,43736.4758592963,26376974.4350586,30096.7874894071
2449,Mulegns,7455,7455,GR,18,3543,0,0,0,24,0,0,71539104.019043,48221.1617346037,33905894.3322754,33192.6860601698
2450,Sur,7456,7456,GR,18,3543,0,0,0,112,0,0,88606739.9833984,41146.1676200553,41977982.1447754,28325.3030546339
2451,Bivio,7457,7457,GR,18,3543,0,0,0,214,0,0,161651570.827637,61467.6455928865,76746377.0334473,42350.6885537246
2452,Mon,7458,7458,GR,18,3542,0,0,0,80,0,0,17754693.7270508,23065.5528318012,8370139.07836914,15841.1738425671
2453,Stierva,7459,7459,GR,18,3542,0,0,0,128,0,0,22460355.0932617,26943.3369789517,10585265.6149902,18496.7467028868
2454,Savognin,7460,7460,GR,18,3543,0,0,0,1027,0,0,47123159.2822266,40951.3411897509,22270818.2763672,28145.7836987717
2455,Salouf,7462,7462,GR,18,3543,0,0,0,200,0,0,66585982.9799805,41318.1669855275,31433231.3867188,28387.6421171507
2456,Riom,7463,7463,GR,18,3543,0,0,0,159,0,0,10222325.421875,22813.2706062039,4823921.60546875,15664.8022204999
2457,Parsonz,7464,7464,GR,18,3543,0,0,0,148,0,0,108259565.127441,51309.9965374569,51211085.2009277,35273.9885566892
2458,Surava,7472,7472,GR,18,3542,0,0,0,222,0,0,15319841.2832031,18594.1471982334,7220059.15185547,12765.6642356123
2459,Alvaneu Bad,7473,7473,GR,18,3542,0,0,0,69,0,0,7246063.8203125,16268.0522702643,3413578.31762695,11168.9215721439
2460,Filisur,7477,7477,GR,18,3544,0,1,0,433,230.94688,0,91439388.6787109,55009.1060037167,43107626.833252,37757.8155446249
2461,Stugl/Stuls,7482,7482,GR,18,3544,0,0,0,434,0,0,304004301.380859,90998.0522842253,143450754.993652,62505.3976698903
2462,Latsch,7484,7484,GR,18,3544,0,0,0,57,0,0,4515745.76171875,8178.50576263007,2129793.60205078,5617.79556848915
2463,Alvaneu Dorf,7492,7492,GR,18,3542,0,0,0,356,0,0,67805550.5014648,44732.7064583791,31887011.3701172,30663.3972427208
2464,Schmitten (Albula),7493,7493,GR,18,3514,0,0,0,224,0,0,23908944.565918,22426.8626226662,11248492.7219238,15377.7348957904
2465,Davos Wiesen,7494,7494,GR,18,3851,0,0,0,384,0,0,65995709.9077148,50185.3045729834,31035266.6413574,34409.4980488136
2466,St. Moritz 1,7500,7500,GR,18,3787,0,0,0,4753,0,0,60658285.7177734,43069.5044783911,28763426.2514648,29662.5875513771
2467,Bever,7502,7502,GR,18,3781,0,0,0,633,0,0,96664574.5585938,70433.241420887,45749231.4262695,48466.8096799522
2468,Samedan,7503,7503,GR,18,3786,0,0,0,2923,0,0,106359751.671875,78007.3091755161,50355528.2485352,53689.6483327044
2469,Pontresina,7504,7504,GR,18,3784,0,0,0,2126,0,0,382215343.762207,96621.7699154661,181639787.23877,66605.0707944312
2470,Celerina/Schlarigna,7505,7505,GR,18,3782,0,0,0,1528,0,0,49935905.8164063,44652.8718810229,23662395.8776855,30743.2666799284
2471,Champfèr,7512,7512,GR,18,3787,0,0,0,446,0,0,4530503.57666016,10020.0014409394,2149424.25,6899.81358605737
2472,Silvaplana-Surlej,7513,7513,GR,18,3790,0,0,0,890,0,0,90269966.043457,57409.303883291,42850350.7976074,39550.4491143502
2473,Sils/Segl Maria,7514,7514,GR,18,3789,0,0,0,630,0,0,100075460.479492,51814.6544749031,47616273.0495605,35724.5562419519
2474,Sils/Segl Baselgia,7515,7515,GR,18,3789,0,0,0,83,0,0,13980334.3974609,15802.4881776884,6642471.41894531,10889.467530911
2475,Maloja,7516,7516,GR,18,3792,0,0,0,354,0,0,144098831.862793,71375.204916585,68647154.5759277,49251.6012602116
2476,Plaun da Lej,7517,7517,GR,18,3789,0,0,0,11,0,0,19835853.6323242,19953.2325354558,9427968.73266602,13763.3649167581
2477,La Punt-Chamues-ch,7522,7522,GR,18,3785,0,0,0,685,0,0,134056201.994141,72176.8873684618,63427443.1447754,49648.042391833
2478,Madulain,7523,7523,GR,18,3783,0,0,0,216,0,0,34418109.4355469,54744.4112641201,16287423.9990234,37644.4936096544
2479,Zuoz,7524,7524,GR,18,3791,0,0,0,1199,0,0,138641427.189941,104643.943961312,65567479.614502,71951.8304810861
2480,S-chanf,7525,7525,GR,18,3788,0,0,0,510,0,0,138446762.007324,56670.3204087196,65402033.3051758,38953.4871738085
2481,Cinuos-chel,7526,7526,GR,18,3788,0,0,0,196,0,0,154534933.533203,63137.7087846487,72840820.8671875,43361.3828233965
2482,Brail,7527,7527,GR,18,3746,0,0,0,113,0,0,66170615.2670898,38907.5134197595,31163248.9411621,26702.2194090142
2483,Zernez,7530,7530,GR,18,3746,0,0,0,1024,0,0,366480030.111816,98216.0445454183,172631955.025391,67425.4817908325
2484,Tschierv,7532,7532,GR,18,3847,0,0,0,166,0,0,90444079.1293945,49478.7159244638,42648522.2941895,33976.2456785991
2485,Fuldera,7533,7533,GR,18,3847,0,0,0,109,0,0,28725690.3623047,23547.547520954,13564387.0537109,16189.4795803066
2486,Lü,7534,7534,GR,18,3847,0,0,0,55,0,0,26953871.8852539,25359.7109641542,12713143.0124512,17416.1545634316
2487,Valchava,7535,7535,GR,18,3847,0,0,0,186,0,0,22199691.722168,29018.4024404518,10483649.8566895,19939.432064437
2488,Sta. Maria Val Müstair,7536,7536,GR,18,3847,0,0,0,334,0,0,210244009.105469,97667.4864237576,99373363.6345215,67142.8050059121
2489,Müstair,7537,7537,GR,18,3847,0,0,0,659,0,0,41929885.7104492,35410.7469536466,19791914.2355957,24327.4049148086
2490,Susch,7542,7542,GR,18,3746,0,0,0,199,0,0,200021710.121582,75542.2191605754,93941565.7126465,51775.878914757
2491,Lavin,7543,7543,GR,18,3746,0,0,0,210,0,0,98512319.4501953,58206.0935745104,46212577.5808105,39850.4400242583
2492,Guarda,7545,7545,GR,18,3762,0,0,0,188,0,0,70495942.2128906,49492.4414480479,33038863.4082031,33877.4041959377
2493,Ardez,7546,7546,GR,18,3762,0,0,0,414,0,0,127541442.109863,74166.2083994063,59858828.1020508,50788.8084586566
2494,Scuol,7550,7550,GR,18,3762,0,3,0,2459,122.00081,0,306338819.900879,100164.107553836,143961487.224121,68639.7982272887
2495,Ftan,7551,7551,GR,18,3762,0,2,0,469,426.43923,0,91810858.7495117,47227.0533488042,43000300.0068359,32310.3552675643
2496,Vulpera,7552,7552,GR,18,3762,0,0,0,99,0,0,1256140.82568359,5409.94820258847,589149.313964844,3707.46948395247
2497,Tarasp,7553,7553,GR,18,3762,0,0,0,221,0,0,99016099.5927734,54732.5381403517,46523026.5168457,37513.6870238344
2498,Sent,7554,7554,GR,18,3762,0,1,0,834,119.90408,0,238265750.22168,95638.2216010127,111596567.581543,65433.2267172684
2499,Ramosch,7556,7556,GR,18,3764,0,0,0,351,0,0,50434087.4257813,56144.9103157608,23592716.3867188,38387.67670732
2500,Vnà,7557,7557,GR,18,3764,0,0,0,65,0,0,90237041.3984375,45772.1387398297,42178034.6137695,31287.7070074944
2501,Strada,7558,7558,GR,18,3764,0,0,0,205,0,0,60072472.6694336,34917.7765935174,28120138.4091797,23882.4242227422
2502,Tschlin,7559,7559,GR,18,3764,0,0,0,167,0,0,75154053.3320313,40088.1748786227,35094387.5480957,27377.1893635819
2503,Martina,7560,7560,GR,18,3764,0,0,0,97,0,0,64686443.0771484,37151.6081515872,30195448.8818359,25368.573853075
2504,Samnaun-Compatsch,7562,7562,GR,18,3752,0,0,0,431,0,0,22998976.7094727,21654.1369187414,10717407.1269531,14784.4937969585
2505,Samnaun Dorf,7563,7563,GR,18,3752,0,0,0,344,0,0,97449309.840332,49986.4511889897,45431725.8723145,34124.4051008908
2506,Casaccia,7602,7602,GR,18,3792,0,0,0,114,0,0,53231284.515625,37325.4441817346,25336880.1362305,25751.8681804082
2507,Vicosoprano,7603,7603,GR,18,3792,0,0,0,346,0,0,130851371.54541,65221.7790575685,62368727.9946289,45019.2534866902
2508,Borgonovo,7604,7604,GR,18,3792,0,0,0,86,0,0,689009.938964844,4955.14863787209,328444.324951172,3421.02321811258
2509,Stampa,7605,7605,GR,18,3792,0,0,0,177,0,0,23837968.5053711,28206.0318501681,11366665.2692871,19484.0049561975
2510,Promontogno,7606,7606,GR,18,3792,0,0,0,201,0,0,60101682.1875,40178.215497666,28683163.6323242,27765.2310115047
2511,Castasegna,7608,7608,GR,18,3792,0,0,0,186,0,0,3334056.18457031,11487.8671918252,1590068.49365234,7936.21760857432
2512,Soglio,7610,7610,GR,18,3792,0,0,0,135,0,0,36772245.5126953,31245.3332132469,17523194.9614258,21572.4376155779
2513,Ospizio Bernina,7710,7710,GR,18,3561,0,0,0,6,0,0,84679303.5405273,47483.9337669009,40295535.2290039,32753.2490895188
2514,S. Carlo (Poschiavo),7741,7741,GR,18,3561,0,0,0,623,0,0,49735376.5517578,32071.7460634436,23700389.638916,22141.4196268975
2515,Poschiavo,7742,7742,GR,18,3561,0,0,0,1523,0,0,162963345.902344,95950.3050055999,77622252.6052246,66230.1369036917
2516,Brusio,7743,7743,GR,18,3551,0,1,0,674,148.36795,0,31411326.5107422,27566.4521556166,15013169.7092285,19059.0242393019
2517,Campocologno,7744,7744,GR,18,3551,0,0,0,152,0,0,2709250.29101563,7172.6110647611,1296772.96972656,4960.4321700472
2518,Li Curt,7745,7745,GR,18,3561,0,0,0,1018,0,0,49208998.1206055,29796.6984903902,23499294.5375977,20596.4314773163
2519,Le Prese,7746,7746,GR,18,3561,0,0,0,398,0,0,54302565.8173828,40737.3053742309,25946579.5419922,28148.9292538642
2520,Viano,7747,7747,GR,18,3551,0,0,0,61,0,0,22942271.9101563,19182.7394743235,10971024.652832,13259.4976569677
2521,Campascio,7748,7748,GR,18,3551,0,0,0,250,0,0,40052362.2294922,31172.7951671364,19169310.9226074,21573.1522988385
2522,Zürich,8001,8000,ZH,1,261,0,0,0,5714,0,0,3975841.34716797,10109.2035573689,1824634.70581055,6846.26496841895
2523,Zürich PF Fil Enge,8002,8002,ZH,1,261,1,4,0.25,9176,43.59198,10.89799,5045149.95947266,9494.53236219435,2316396.74951172,6431.07683305626
2524,Zürich,8003,8000,ZH,1,261,0,7,0,21258,32.92878,0,3129305.14648438,10272.9010824038,1436084.30322266,6960.31166586584
2525,Zürich,8004,8000,ZH,1,261,0,11,0,23964,45.90219,0,5076832.85644531,10902.0127620629,2329473.60644531,7387.83698248761
2526,Zürich,8005,8000,ZH,1,261,0,13,0,15347,84.70711,0,4810949.63867188,10479.3205797906,2206433.67944336,7101.10471375867
2527,Zürich Asendia,8006,8006,ZH,1,261,1,11,0.0909090909090909,18330,60.01091,5.45554,6196355.36914063,15369.5836569113,2842082.3425293,10407.6682793317
2528,Zürich,8008,8000,ZH,1,261,0,5,0,17489,28.5894,0,10509370.1474609,14247.2894435178,4826323.39624023,9656.98162311005
2529,Zürich,8032,8000,ZH,1,261,0,8,0,16445,48.64701,0,7125816.91259766,12944.1333640446,3270743.39379883,8771.1171311088
2530,Zürich,8037,8000,ZH,1,261,0,8,0,16372,48.86391,0,5304280.10693359,10803.1363249053,2431932.93896484,7314.18976072271
2531,Zürich,8038,8000,ZH,1,261,0,5,0,17062,29.30489,0,9403632.62988281,12429.9385586137,4320464.62329102,8423.2621764336
2532,Zürich,8041,8000,ZH,1,261,0,6,0,7730,77.61966,0,9779735.18603516,14848.9530685643,4494636.92431641,10062.1867306273
2533,Zürich,8044,8000,ZH,1,261,0,7,0,10162,68.88408,0,17911154.7958984,24009.4314545749,8217569.97021484,16265.4722019805
2534,Zürich Brunaupark,8045,8045,ZH,1,261,0,5,0,11936,41.89008,0,8962984.67041016,15750.1424968967,4116295.2487793,10671.2958580129
2535,Zürich,8046,8000,ZH,1,261,0,4,0,25193,15.87743,0,13402071.1865234,19548.3746277442,6139087.56079102,13234.1464147656
2536,Zürich,8047,8000,ZH,1,261,0,3,0,21366,14.041,0,6514585.91699219,12807.2266247095,2989540.26977539,8678.1990264481
2537,Zürich,8048,8000,ZH,1,261,0,8,0,28668,27.90568,0,13710960.8769531,22303.9829631047,6289095.8515625,15113.1865280086
2538,Zürich,8049,8000,ZH,1,261,0,9,0,23268,38.67973,0,14394541.6376953,20633.2598620455,6597026.99707031,13971.9835981829
2539,Zürich 50 Zustellung,8050,8050,ZH,1,261,1,18,0.0555555555555556,28019,64.24212,3.56901,8453447.88671875,16006.2354219065,3873732.61499023,10836.7494805054
2540,Zürich,8051,8000,ZH,1,261,0,3,0,22210,13.50743,0,9974718.40917969,15301.6914100254,4572895.58984375,10362.7923533016
2541,Zürich,8052,8000,ZH,1,261,0,5,0,19482,25.66472,0,8777366.14990234,15167.1317700973,4020316.02978516,10266.7888102029
2542,Zürich,8053,8000,ZH,1,261,0,7,0,11123,62.93266,0,12949506.3378906,16538.8898535594,5945401.17602539,11212.0263876689
2543,Zürich,8055,8000,ZH,1,261,0,2,0,20986,9.53016,0,9490258.14501953,19521.6930251039,4356677.77270508,13229.5108931553
2544,Zürich,8057,8000,ZH,1,261,1,13,0.0769230769230769,20484,63.46417,4.88186,7134242.94238281,13553.6932780567,3270699.9050293,9176.08933269255
2545,Zürich,8064,8000,ZH,1,261,0,0,0,3840,0,0,3258869.52392578,9634.89574341117,1494039.07421875,6529.8604031021
2546,Oberengstringen,8102,8102,ZH,1,245,0,0,0,6515,0,0,4635318.57666016,12544.7155886109,2124241.00341797,8493.31774620748
2547,Unterengstringen,8103,8103,ZH,1,249,0,0,0,4083,0,0,5899051.98388672,14168.2415691208,2703268.61499023,9592.79794598695
2548,Weiningen ZH,8104,8104,ZH,1,251,0,0,0,2564,0,0,10259049.2138672,15222.5971439611,4699521.22509766,10305.5172989264
2549,Regensdorf,8105,8105,ZH,1,96,0,1,0,13898,7.19528,0,28727294.2050781,30570.0776048524,13151017.1496582,20683.4102483401
2550,Adlikon b. Regensdorf,8106,8106,ZH,1,96,0,0,0,4426,0,0,3295756.85253906,8822.96571650595,1507966.66162109,5969.06963501406
2551,Buchs ZH,8107,8107,ZH,1,83,0,0,0,6430,0,0,13031030.4106445,18958.3750078435,5960916.18286133,12827.4781091484
2552,Dällikon,8108,8108,ZH,1,84,0,1,0,4139,24.16043,0,9622820.69775391,13526.2940849837,4404927.93139648,9154.34269704681
2553,Kloster Fahr,8109,8109,AG,19,4048,0,0,0,0,0,0,12007.2509765625,664.875818261169,5503.02172851563,450.189976664668
2554,Otelfingen,8112,8112,ZH,1,94,0,5,0,2763,180.96272,0,15556211.7841797,24397.9326705203,7114481.0769043,16504.926829234
2555,Boppelsen,8113,8113,ZH,1,82,0,0,0,1382,0,0,8544964.55957031,14804.1574323693,3906893.50585938,10010.299049274
2556,Dänikon ZH,8114,8114,ZH,1,85,0,1,0,1870,53.47594,0,6255286.68847656,12768.5666182255,2862961.01953125,8640.88884964106
2557,Hüttikon,8115,8115,ZH,1,87,0,0,0,927,0,0,3519738.17480469,10150.7222354669,1611091.60473633,6867.46443330962
2558,Fällanden,8117,8117,ZH,1,193,0,2,0,4523,44.21844,0,11446868.7099609,15034.6572234995,5253599.59472656,10186.7509066336
2559,Pfaffhausen,8118,8118,ZH,1,193,0,0,0,1965,0,0,2922723.37255859,7243.41754610135,1341651.06274414,4907.11157327106
2560,Benglen,8121,8121,ZH,1,193,0,0,0,1917,0,0,1600087.99462891,6246.8181230589,734642.276855469,4232.66782349466
2561,Binz,8122,8122,ZH,1,195,0,0,0,2023,0,0,1194797.36230469,5483.70680758048,548636.998291016,3714.12390050281
2562,Ebmatingen,8123,8123,ZH,1,195,0,0,0,2857,0,0,5407902.33642578,11108.2387239485,2483723.76855469,7526.66515892372
2563,Maur,8124,8124,ZH,1,195,0,0,0,2108,0,0,22235409.1523438,23603.869151479,10217829.9265137,15993.8385362262
2564,Zollikerberg,8125,8125,ZH,1,161,0,0,0,5188,0,0,7802242.53076172,12632.9520457059,3584128.68896484,8562.77949073616
2565,Zumikon,8126,8126,ZH,1,160,0,2,0,5244,38.13883,0,11923453.5073242,17920.9232909381,5479775.50268555,12149.8946147384
2566,Forch,8127,8127,ZH,1,195,0,1,0,4018,24.888,0,21361687.8081055,30682.604509605,9822051.86425781,20804.2216686054
2567,Hinteregg,8132,8132,ZH,1,192,0,1,0,6816,14.67136,0,22159045.2490234,24735.1804805791,10196612.0163574,16775.2715524262
2568,Esslingen,8133,8133,ZH,1,192,0,0,0,1824,0,0,8910589.41455078,16520.6674936833,4101801.11303711,11207.9033314256
2569,Adliswil Poststrasse,8134,8134,ZH,1,131,0,5,0,19082,26.2027,0,16976843.6489258,20211.4399349447,7809445.55834961,13703.4194737938
2570,Sihlwald,8135,8135,ZH,1,295,0,0,0,7590,0,0,31062235.0644531,35782.5042102481,14309944.0742188,24283.9815659554
2571,Gattikon,8136,8136,ZH,1,141,0,0,0,2570,0,0,3929216.60791016,10357.8175511143,1809275.43847656,7026.27608556277
2572,Uitikon Waldegg,8142,8142,ZH,1,248,0,0,0,4087,0,0,9807995.78173828,19955.0385949221,4502031.71801758,13524.0450774888
2573,Stallikon,8143,8143,ZH,1,13,0,2,0,3712,53.87931,0,26419601.2041016,34041.7844990675,12148758.2612305,23074.7651204193
2574,Glattbrugg,8152,8152,ZH,1,66,0,4,0,19931,20.06924,0,12648675.6245117,17614.436219659,5792207.93408203,11920.0003835409
2575,Rümlang,8153,8153,ZH,1,97,0,2,0,8145,24.55494,0,26622668.7524414,25585.8222132387,12183446.5888672,17308.3589335117
2576,Oberglatt ZH,8154,8154,ZH,1,92,0,3,0,7037,42.6318,0,18819568.9501953,21727.2088826973,8602604.98535156,14689.0405539048
2577,Nassenwil,8155,8155,ZH,1,90,0,0,0,7223,0,0,14828350.0234375,19452.3003857256,6778771.34106445,13148.9572537026
2578,Oberhasli,8156,8156,ZH,1,90,0,1,0,2203,45.39265,0,9971214.6171875,16202.4077608293,4560890.51245117,10955.4474176928
2579,Dielsdorf Zustellung,8157,8157,ZH,1,86,0,1,0,5918,16.8976,0,13007273.3076172,19959.8772185471,5946092.99438477,13495.1503649673
2580,Regensberg,8158,8158,ZH,1,95,0,0,0,540,0,0,5245927.29882813,15766.5600543535,2398035.98706055,10664.3773201147
2581,Steinmaur,8162,8162,ZH,1,101,0,4,0,3604,110.98779,0,20678687.9614258,27280.1061153162,9445261.02783203,18438.7232944532
2582,Bachs,8164,8164,ZH,1,81,0,0,0,591,0,0,20204097.050293,24471.1267807113,9218097.86181641,16528.7957426303
2583,Schöfflisdorf,8165,8165,ZH,1,99,0,0,0,3909,0,0,29623846.1494141,26643.532622446,13529495.6555176,18004.6943024123
2584,Niederweningen,8166,8166,ZH,1,91,0,0,0,3047,0,0,14968152.2148438,23638.4581920248,6835703.69726563,15968.8718097354
2585,Niederglatt ZH,8172,8172,ZH,1,89,0,0,0,4818,0,0,7250959.72216797,13654.7440061129,3312590.64306641,9230.22554387453
2586,Neerach,8173,8173,ZH,1,88,0,3,0,3100,96.77419,0,11905772.4887695,18437.6783425719,5435846.09106445,12456.1823387027
2587,Stadel b. Niederglatt,8174,8174,ZH,1,100,0,0,0,1575,0,0,14376685.3740234,18960.3355369039,6559155.87182617,12810.9688979767
2588,Windlach,8175,8175,ZH,1,100,0,0,0,728,0,0,14343878.7758789,18646.4987527802,6539958.55126953,12596.44054629
2589,Bülach Kaserne,8180,8180,ZH,1,53,0,1,0,20370,4.90918,0,36185392.1572266,34983.5352260492,16510062.4992676,23624.7986523122
2590,Höri,8181,8181,ZH,1,60,0,0,0,2835,0,0,10479660.7167969,18141.4165450255,4785052.81274414,12259.1632826325
2591,Hochfelden,8182,8182,ZH,1,59,0,0,0,1933,0,0,13067154.0366211,16844.180250068,5961983.21557617,11374.7970310686
2592,Bachenbülach,8184,8184,ZH,1,51,0,0,0,4150,0,0,9096900.36035156,16269.4184666238,4154785.68408203,10996.2015361051
2593,Winkel,8185,8185,ZH,1,72,0,0,0,4499,0,0,16838900.3344727,21277.9192438457,7695247.68359375,14381.6065741071
2594,Weiach,8187,8187,ZH,1,102,0,0,0,1866,0,0,21161401.6367188,21244.5135501364,9644777.85546875,14344.5205903316
2595,Glattfelden,8192,8192,ZH,1,58,0,2,0,5168,38.69969,0,27044325.1977539,30899.523106137,12324515.2070313,20860.9968166878
2596,Eglisau,8193,8193,ZH,1,55,0,0,0,5232,0,0,20369276.5229492,31556.6900560465,9277735.67895508,21301.6621505592
2597,Hüntwangen,8194,8194,ZH,1,61,0,0,0,1034,0,0,10604250.0288086,15355.6706084097,4826651.1340332,10357.9701538592
2598,Wasterkingen,8195,8195,ZH,1,70,0,0,0,566,0,0,8364687.59472656,13634.0872645269,3806753.4375,9197.91655320356
2599,Wil ZH,8196,8196,ZH,1,71,0,0,0,1421,0,0,18553036.2739258,24734.7176759604,8439346.19433594,16681.7905953431
2600,Rafz,8197,8197,ZH,1,67,0,1,0,4599,21.74386,0,25405701.7294922,25728.4233146128,11555231.3791504,17351.3219883992
2601,Schaffhausen 1 Zust,8200,8200,SH,14,2939,0,5,0,27897,17.92307,0,44737064.8632813,49797.3270454851,20268578.3947754,33519.8863295971
2602,Schaffhausen Buchthalen,8203,8203,SH,14,2939,0,0,0,2597,0,0,5439069.69482422,10335.1437644321,2465679.22607422,6960.18344868907
2603,Schaffhausen,8207,8200,SH,14,2939,0,0,0,5183,0,0,18356487.8642578,23531.891975767,8314066.23901367,15842.701568348
2604,Schaffhausen,8208,8200,SH,14,2939,0,0,0,156,0,0,451057.88671875,3303.80340298196,204377.954589844,2223.6535544049
2605,Neuhausen am Rheinfall,8212,8212,SH,14,2937,0,3,0,10682,28.08463,0,17940531.9130859,27241.3818293698,8139156.23071289,18348.064038052
2606,Neunkirch,8213,8213,SH,14,2904,0,1,0,2288,43.70629,0,39070631.6186523,37966.5355478663,17723227.1674805,25578.4674744925
2607,Gächlingen,8214,8214,SH,14,2901,0,0,0,808,0,0,11347300.5107422,18937.8901356195,5141712.01269531,12746.9592535751
2608,Hallau,8215,8215,SH,14,2971,0,0,0,2240,0,0,34109862.6796875,28188.7238835195,15462153.2514648,18980.5085850056
2609,Oberhallau,8216,8216,SH,14,2972,0,0,0,447,0,0,13263125.3642578,19068.79085447,6009187.93164063,12834.6867633322
2610,Wilchingen,8217,8217,SH,14,2974,0,0,0,1420,0,0,35066870.4321289,52330.1206285654,15917186.9606934,35264.1689911743
2611,Osterfingen,8218,8218,SH,14,2974,0,0,0,352,0,0,11794587.3012695,23336.2812671933,5355122.13720703,15734.8979995635
2612,Trasadingen,8219,8219,SH,14,2973,0,0,0,579,0,0,8878872.68408203,17059.7007624564,4029441.08203125,11494.7390362221
2613,Beringen,8222,8222,SH,14,2932,0,0,0,4567,0,0,31038138.6469727,34198.038329389,14067683.1203613,23020.3711328151
2614,Guntmadingen,8223,8223,SH,14,2932,0,0,0,250,0,0,10163465.3457031,16891.6941114372,4610481.4050293,11378.1485840501
2615,Löhningen,8224,8224,SH,14,2903,0,0,0,1460,0,0,15016797.1757813,19924.0247678486,6806388.08886719,13413.1708887568
2616,Siblingen,8225,8225,SH,14,2953,0,1,0,911,109.76948,0,24438219.6738281,25745.712211666,11068378.112793,17327.1614161363
2617,Schleitheim,8226,8226,SH,14,2952,0,0,0,1721,0,0,48596192.8994141,36278.6994352508,21989034.128418,24409.1404323341
2618,Beggingen,8228,8228,SH,14,2951,0,0,0,481,0,0,27700172.8823242,22464.094922041,12526021.5102539,15107.6717737282
2619,Hemmental,8231,8231,SH,14,2939,0,0,0,629,0,0,24025787.3354492,24288.2354696945,10875699.6660156,16347.6970699368
2620,Merishausen,8232,8232,SH,14,2936,0,0,0,863,0,0,38864967.8046875,29360.8260817861,17576203.5568848,19743.8942147248
2621,Bargen SH,8233,8233,SH,14,2931,0,0,0,317,0,0,18292162.3310547,22375.4657978746,8262869.31152344,15039.69788775
2622,Stetten SH,8234,8234,SH,14,2919,0,0,0,1340,0,0,10511079.3369141,17340.3427700343,4757904.87768555,11667.5029472615
2623,Lohn SH,8235,8235,SH,14,2917,0,0,0,758,0,0,10800174.8071289,16998.2818296725,4885556.26708984,11431.1711470331
2624,Opfertshofen SH,8236,8236,SH,14,2920,0,0,0,546,0,0,13298691.0844727,23186.0622330291,6014812.27905273,15591.9491654638
2625,Dörflingen,8239,8239,SH,14,2915,0,0,0,1024,0,0,12946518.2314453,17244.895283809,5866600.04223633,11607.8962878766
2626,Thayngen Zustellung,8240,8240,SH,14,2920,0,0,0,4570,0,0,22996757.1826172,27013.7671652291,10407738.2856445,18173.7059605493
2627,Barzheim,8241,8241,SH,14,2920,0,0,0,145,0,0,3238187.60498047,8437.50399105582,1464602.35229492,5677.59627186557
2628,Bibern SH,8242,8242,SH,14,2920,0,0,0,461,0,0,6115107.86083984,14785.4415891756,2764412.72119141,9938.26748300109
2629,Altdorf SH,8243,8243,SH,14,2920,0,0,0,176,0,0,6720181.20703125,13280.8519051291,3036310.32568359,8925.20346333334
2630,Feuerthalen,8245,8245,ZH,1,27,0,1,0,2657,37.63643,0,3175790.21972656,8318.06788141665,1440281.22094727,5603.57452071252
2631,Langwiesen,8246,8246,ZH,1,27,0,0,0,965,0,0,2158386.79003906,6891.20103868533,979061.148681641,4642.03503864347
2632,Flurlingen,8247,8247,ZH,1,29,0,0,0,1430,0,0,5371319.43847656,12822.6149122526,2436532.71923828,8639.06284566803
2633,Uhwiesen,8248,8248,ZH,1,34,0,0,0,1532,0,0,12578432.2109375,20056.6011120455,5708361.78295898,13517.5753508221
2634,Schlatt TG,8252,8252,TG,20,4546,0,0,0,1726,0,0,34639353.1328125,29254.3574829994,15721915.1767578,19704.8661940923
2635,Diessenhofen Bahnhofstrasse,8253,8253,TG,20,4545,0,0,0,3986,0,0,21961825.0400391,35532.3125438401,9962770.12280273,23942.606358409
2636,Basadingen,8254,8254,TG,20,4536,0,0,0,1072,0,0,18473415.5537109,21776.5819838079,8386627.09692383,14670.720623334
2637,Schlattingen,8255,8255,TG,20,4536,0,0,0,784,0,0,15774321.4316406,26200.2581073199,7161329.65820313,17654.2451219967
2638,Kaltenbach,8259,8259,TG,20,4871,0,0,0,1713,0,0,25971207.9101563,25366.0236220897,11791718.111084,17094.5812795648
2639,Stein am Rhein 2 Stadt,8260,8260,SH,14,2964,0,0,0,3416,0,0,13489597.4169922,17553.0550978163,6122799.44921875,11825.1953242006
2640,Hemishofen,8261,8261,SH,14,2962,0,0,0,476,0,0,17441858.0917969,29699.8145767308,7910113.88818359,20005.0916020144
2641,Ramsen,8262,8262,SH,14,2963,0,0,0,1491,0,0,29670649.8774414,37947.0391905656,13447628.2419434,25545.1879864761
2642,Buch SH,8263,8263,SH,14,2961,0,0,0,321,0,0,8311994.51660156,14969.9893647343,3765648.72241211,10076.4080109674
2643,Eschenz,8264,8264,TG,20,4806,0,0,0,1798,0,0,31086671.5551758,26917.9152051988,14125782.5478516,18151.702256077
2644,Mammern,8265,8265,TG,20,4826,0,0,0,632,0,0,12092272.3476563,17733.8165613583,5492586.73535156,11956.4852161187
2645,Steckborn,8266,8266,TG,20,4864,0,1,0,3757,26.61698,0,26009676.4228516,27595.2389631784,11808268.5170898,18599.9379451715
2646,Berlingen,8267,8267,TG,20,4801,0,1,0,885,112.99435,0,16805531.515625,19056.3986962408,7625899.04296875,12838.091517771
2647,Mannenbach-Salenstein,8268,8268,TG,20,4851,0,1,0,776,128.86598,0,10437997.7695313,16087.9945750223,4737413.19604492,10834.6803717291
2648,Fruthwilen,8269,8269,TG,20,4851,0,0,0,557,0,0,6944977.6328125,12640.1226382675,3153701.36938477,8515.73442505175
2649,Ermatingen,8272,8272,TG,20,4646,0,1,0,3010,33.22259,0,21988308.5092773,24756.5178318049,9982535.05200195,16680.448535849
2650,Triboltingen,8273,8273,TG,20,4646,0,0,0,444,0,0,8205887.08300781,16645.2887738132,3725498.04833984,11210.0545738514
2651,Gottlieben,8274,8274,TG,20,4651,0,0,0,4938,0,0,26763179.4428711,26415.9438714013,12155512.7729492,17800.4036556489
2652,Kreuzlingen,8280,8280,TG,20,4671,0,5,0,22064,22.66135,0,29430005.6767578,31344.2307818971,13370444.2861328,21126.9109107346
2653,Kloten Kaserne,8302,8302,ZH,1,62,0,3,0,19615,15.29442,0,41777431.2924805,37996.8736443023,19111307.5178223,25694.3911013102
2654,Bassersdorf,8303,8303,ZH,1,52,0,3,0,11690,25.66296,0,19689330.171875,24234.0680810422,9012917.08374023,16396.1092391623
2655,Wallisellen Zustellung,8304,8304,ZH,1,69,1,3,0.333333333333333,16652,18.01585,6.00528,13926591.0097656,19744.9766776661,6380405.72558594,13364.7390794486
2656,Dietlikon,8305,8305,ZH,1,54,0,1,0,7763,12.88162,0,8942384.64648438,17602.5976350675,4095865.39477539,11909.6843054412
2657,Brüttisellen,8306,8306,ZH,1,200,0,0,0,5139,0,0,5079016.03564453,10418.2026973807,2326566.69311523,7051.6265166152
2658,Effretikon,8307,8307,ZH,1,296,0,1,0,11911,8.3956,0,30699083.703125,35792.3311446063,14057794.0227051,24214.7082796991
2659,Illnau,8308,8308,ZH,1,296,0,0,0,4570,0,0,24344497.2495117,27057.9105521032,11155377.684082,18313.1065985066
2660,Nürensdorf,8309,8309,ZH,1,64,0,1,0,5644,17.71793,0,22367283.2338867,24267.0720900103,10232188.0620117,16411.2717965817
2661,Grafstal,8310,8310,ZH,1,176,0,0,0,1534,0,0,8472428.58398438,16874.173312037,3876133.70117188,11411.5809864599
2662,Brütten,8311,8311,ZH,1,213,0,0,0,2013,0,0,14492468.753418,18535.8205420747,6625446.22753906,12532.8073975429
2663,Winterberg ZH,8312,8312,ZH,1,176,0,0,0,957,0,0,8406555.84521484,13115.3686935428,3845479.91601563,8871.70532344853
2664,Kyburg,8314,8314,ZH,1,296,0,0,0,341,0,0,13065442.6616211,20675.9428786731,5978116.35253906,13987.0694619668
2665,Lindau,8315,8315,ZH,1,176,0,0,0,816,0,0,6742375.51855469,11489.5477230983,3086002.98217773,7775.04695970244
2666,Tagelswangen,8317,8317,ZH,1,176,1,3,0.333333333333333,2504,119.80831,39.9361,7772484.62939453,13845.8938299719,3559637.4074707,9369.93842264452
2667,Fehraltorf,8320,8320,ZH,1,172,0,1,0,6414,15.59089,0,20513255.5986328,24272.2865029818,9408824.54174805,16438.9898110261
2668,Madetswil,8322,8322,ZH,1,178,0,0,0,928,0,0,14113475.4614258,19194.6586774936,6469075.21704102,12991.1789390614
2669,Pfäffikon ZH,8330,8330,ZH,1,177,0,2,0,11316,17.67409,0,36582786.6977539,42379.7655016476,16790124.0498047,28709.1787040038
2670,Auslikon,8331,8331,ZH,1,177,0,0,0,640,0,0,5998667.47607422,12854.3393267073,2755801.65356445,8715.58943706802
2671,Russikon,8332,8332,ZH,1,178,0,2,0,3458,57.8369,0,16813122.0986328,21172.757461006,7708591.72290039,14335.8500838901
2672,Hittnau,8335,8335,ZH,1,173,0,2,0,3682,54.31831,0,28243721.6352539,26269.4154212311,12964668.0834961,17797.3539245334
2673,Hinwil,8340,8340,ZH,1,117,0,0,0,10163,0,0,38452743.6391602,40606.2058673831,17692533.3925781,27545.0319231306
2674,Wernetshausen,8342,8342,ZH,1,117,0,0,0,945,0,0,8835738.49609375,13565.6594403692,4067073.80566406,9203.60770096557
2675,Bäretswil,8344,8344,ZH,1,111,0,1,0,3723,26.86006,0,35771426.1074219,30812.5693223656,16436929.8256836,20884.105976577
2676,Adetswil,8345,8345,ZH,1,111,0,0,0,1189,0,0,5420864.20507813,11540.7938581206,2490600.47143555,7821.39673700004
2677,Ricketwil (Winterthur),8352,8352,ZH,1,230,0,1,0,3717,26.90342,0,21924557.6308594,26088.8844279866,10013872.4296875,17633.3386638266
2678,Elgg,8353,8353,ZH,1,294,0,0,0,4361,0,0,31470937.8520508,32518.2842375992,14378198.7299805,21981.409182387
2679,Hofstetten ZH,8354,8354,ZH,1,294,0,0,0,507,0,0,22182206.4677734,39349.3792002496,10141542.6877441,26605.427916721
2680,Aadorf,8355,8355,TG,20,4551,0,0,0,5173,0,0,12766058.3828125,16709.5555838625,5832451.37719727,11294.8504045915
2681,Ettenhausen TG,8356,8356,TG,20,4551,0,0,0,1452,0,0,7790714.09472656,12431.8708486719,3561711.64404297,8405.74416576667
2682,Guntershausen b. Aadorf,8357,8357,TG,20,4551,0,0,0,1478,0,0,8466792.6796875,15425.9901918856,3871187.63037109,10430.7665544635
2683,Wallenwil,8360,8360,TG,20,4724,0,0,0,4429,0,0,16260513.6791992,25643.3142189511,7437584.87255859,17341.9918933797
2684,Balterswil,8362,8362,TG,20,4721,0,0,0,1890,0,0,13735957.4829102,30562.3885768587,6284523.08837891,20671.7052298299
2685,Bichelsee,8363,8363,TG,20,4721,0,0,0,1050,0,0,14494871.5795898,22006.0703321027,6633862.77026367,14887.2814572938
2686,Sirnach Zustellung,8370,8370,TG,20,4761,0,2,0,6221,32.14917,0,12390803.2397461,20474.3650375622,5667324.04760742,13850.3001955945
2687,Busswil TG,8371,8371,TG,20,4761,0,0,0,775,0,0,4754747.75927734,11294.5835104339,2175469.41918945,7639.74793742522
2688,Wiezikon b. Sirnach,8372,8372,TG,20,4761,0,0,0,757,0,0,6991042.40771484,14631.3583296185,3199450.3840332,9899.38004027824
2689,Oberwangen TG,8374,8374,TG,20,4726,0,0,0,2116,0,0,34653380.3105469,50035.7008295582,15872633.6213379,33866.7093264014
2690,Fischingen,8376,8376,TG,20,4726,0,0,0,639,0,0,27364854.1699219,32014.5568542479,12544815.0195313,21673.6023221284
2691,Winterthur Zustellung,8400,8400,ZH,1,230,0,22,0,39308,55.96825,0,38212384.6791992,37227.3495789178,17457502.2983398,25158.1712644065
2692,Winterthur,8404,8400,ZH,1,230,0,8,0,19623,40.76849,0,27675942.9848633,31828.2966818881,12630557.779541,21499.5469419523
2693,Winterthur,8405,8400,ZH,1,230,0,6,0,17993,33.3463,0,23094860.5986328,25860.6462177808,10556876.8361816,17484.3992018942
2694,Winterthur,8406,8400,ZH,1,230,0,2,0,13739,14.5571,0,13797791.2822266,22378.3478543655,6305924.36132813,15127.8972269892
2695,Winterthur,8408,8400,ZH,1,230,0,4,0,16284,24.56399,0,28785307.4301758,29389.1391240764,13143571.8684082,19855.79556635
2696,Winterthur,8409,8400,ZH,1,230,0,3,0,3262,91.96812,0,6022822.68408203,16089.8949845628,2750302.47460938,10877.0144081864
2697,Aesch (Neftenbach),8412,8412,ZH,1,223,0,1,0,1032,96.89922,0,14739016.3798828,21115.5562722174,6719910.34301758,14258.2553252762
2698,Neftenbach,8413,8413,ZH,1,223,0,0,0,4664,0,0,18214314.1430664,20938.5435484149,8309727.06445313,14146.169593895
2699,Buch am Irchel,8414,8414,ZH,1,24,0,0,0,986,0,0,22452421.8793945,25635.2050375072,10236293.3823242,17311.8040860288
2700,Berg am Irchel,8415,8415,ZH,1,23,0,0,0,610,0,0,15277900.5927734,17682.1171482011,6961670.6706543,11938.9859989647
2701,Flaach,8416,8416,ZH,1,28,0,1,0,1402,71.32668,0,22160794.7602539,23706.8319501989,10089385.197998,16002.1690744196
2702,Schlatt ZH,8418,8418,ZH,1,226,0,0,0,755,0,0,16910666.4682617,25518.8632296955,7732274.6796875,17259.1947961549
2703,Dättlikon,8421,8421,ZH,1,215,0,0,0,787,0,0,6300591.07861328,12481.8363561912,2874700.71826172,8434.3689793932
2704,Pfungen,8422,8422,ZH,1,224,0,0,0,3866,0,0,10963229.1357422,17739.0934786898,5005233.95263672,11988.7245265889
2705,Embrach Dorfstrasse,8424,8424,ZH,1,56,0,0,0,9408,0,0,25721229.3261719,25733.0254497329,11743775.0439453,17389.3537998046
2706,Oberembrach,8425,8425,ZH,1,65,0,0,0,1077,0,0,24574887.762207,26882.7507066908,11228650.4689941,18171.32821939
2707,Lufingen,8426,8426,ZH,1,63,0,0,0,2401,0,0,11283270.6401367,16412.1021836214,5156657.34863281,11093.7495398909
2708,Freienstein,8427,8427,ZH,1,57,0,2,0,4764,41.98153,0,17950541.1845703,25696.7333641212,8188315.36645508,17356.6067655506
2709,Teufen ZH,8428,8428,ZH,1,57,0,0,0,443,0,0,10293950.3266602,15755.8524694286,4692692.29614258,10641.455090571
2710,Hettlingen,8442,8442,ZH,1,221,0,0,0,3112,0,0,12935875.5561523,19125.9274519107,5897249.68383789,12912.3598612246
2711,Henggart,8444,8444,ZH,1,31,0,1,0,2246,44.5236,0,6652002.44873047,14617.2994743774,3031073.5300293,9866.97584610013
2712,Dachsen,8447,8447,ZH,1,25,0,3,0,1945,154.24165,0,6830300.13574219,15637.5023950675,3100697.70288086,10532.1612087431
2713,Andelfingen,8450,8450,ZH,1,30,0,0,0,2241,0,0,14811905.2856445,25071.0324243794,6741598.05297852,16917.7535394562
2714,Kleinandelfingen,8451,8451,ZH,1,33,0,1,0,1411,70.87172,0,10766403.6391602,14657.0484616276,4897628.46289063,9889.03173379422
2715,Adlikon b. Andelfingen,8452,8452,ZH,1,21,0,0,0,716,0,0,14386630.0141602,32380.2822674884,6549880.73266602,21849.2348342379
2716,Alten,8453,8453,ZH,1,33,0,0,0,303,0,0,6874940.25097656,13960.9463493956,3128367.61523438,9420.14310682945
2717,Buchberg,8454,8454,SH,14,2933,0,0,0,866,0,0,10545277.8759766,19965.5505411114,4803554.39038086,13474.3368473298
2718,Rüdlingen,8455,8455,SH,14,2938,0,0,0,776,0,0,14514951.5283203,28706.1692455282,6607821.75048828,19366.8041563331
2719,Humlikon,8457,8457,ZH,1,32,0,0,0,489,0,0,8005441.01220703,19985.2229019152,3646033.92285156,13487.5348750642
2720,Dorf,8458,8458,ZH,1,26,0,0,0,662,0,0,12218771.0151367,18035.6541557795,5565840.35766602,12172.2254910932
2721,Volken,8459,8459,ZH,1,43,0,0,0,360,0,0,7066639.19873047,15229.7410117756,3218309.38574219,10279.8875808039
2722,Marthalen,8460,8460,ZH,1,35,0,0,0,1839,0,0,27757894.2895508,29075.8785763784,12620829.0510254,19608.0109419636
2723,Oerlingen,8461,8461,ZH,1,33,0,0,0,378,0,0,5073770.74511719,10040.7137975548,2306640.72583008,6771.62475502987
2724,Rheinau,8462,8462,ZH,1,38,0,0,0,1323,0,0,19708748.4355469,30822.6680245994,8958032.65722656,20777.0646138911
2725,Benken ZH,8463,8463,ZH,1,22,0,0,0,861,0,0,12335614.6044922,18876.1397065708,5601586.69897461,12720.145281309
2726,Ellikon am Rhein,8464,8464,ZH,1,35,0,0,0,78,0,0,3300161.53955078,9362.7003278556,1501523.89672852,6314.23307120809
2727,Rudolfingen,8465,8465,ZH,1,40,0,0,0,388,0,0,12237411.5322266,20136.6657521335,5558799.59985352,13569.5946421511
2728,Trüllikon,8466,8466,ZH,1,40,0,0,0,700,0,0,9208384.53759766,17047.8208652587,4184234.48828125,11491.6404897031
2729,Truttikon,8467,8467,ZH,1,41,0,0,0,475,0,0,10025867.3276367,15502.3660471477,4556378.72387695,10451.6270133305
2730,Guntalingen,8468,8468,ZH,1,292,0,0,0,672,0,0,16233683.3745117,22809.7689861421,7378727.84863281,15377.4102117695
2731,Oberwil (Dägerlen),8471,8471,ZH,1,214,0,0,0,1035,0,0,17588439.9614258,24095.9574618894,8014271.47631836,16263.7044545543
2732,Seuzach,8472,8472,ZH,1,227,0,1,0,7317,13.6668,0,16562791.0644531,21485.1291406111,7555090.50585938,14514.0906680802
2733,Dinhard,8474,8474,ZH,1,216,0,0,0,1679,0,0,15559996.7602539,22721.1199605625,7091401.86645508,15339.67207656
2734,Ossingen,8475,8475,ZH,1,37,0,0,0,1655,0,0,28071980.9414063,38097.9776290993,12767334.1445313,25691.0109828315
2735,Unterstammheim,8476,8476,ZH,1,292,0,0,0,987,0,0,16196497.4345703,21275.6342907926,7356760.86352539,14336.9514728882
2736,Oberstammheim,8477,8477,ZH,1,292,0,0,0,1066,0,0,19535798.921875,24166.5060108003,8879756.73071289,16292.4902029519
2737,Thalheim an der Thur,8478,8478,ZH,1,39,0,0,0,919,0,0,14157912.543457,20871.1473118801,6446431.89160156,14081.9295505015
2738,Altikon,8479,8479,ZH,1,211,0,0,0,721,0,0,16714538.1425781,19609.8538094046,7612307.52856445,13236.5746919894
2739,Sennhof (Winterthur),8482,8482,ZH,1,230,0,0,0,1423,0,0,2831326.46337891,11193.0663639049,1294762.24804688,7569.58831816235
2740,Kollbrunn,8483,8483,ZH,1,231,0,0,0,2709,0,0,9056139.74951172,18140.893766611,4143133.43164063,12271.5769139069
2741,Neschwil,8484,8484,ZH,1,180,0,0,0,3367,0,0,27686395.753418,27647.2084534627,12678461.3647461,18707.7255627323
2742,Rikon im Tösstal,8486,8486,ZH,1,231,0,0,0,1918,0,0,12133525.1928711,18859.5223920908,5552120.453125,12755.2385301192
2743,Rämismühle,8487,8487,ZH,1,231,0,2,0,1502,133.15579,0,10907884.0888672,17292.0561808399,4991871.24438477,11696.7011835382
2744,Turbenthal,8488,8488,ZH,1,228,0,0,0,4492,0,0,42650727.7138672,39853.839533138,19525905.4907227,26963.1576560216
2745,Wildberg,8489,8489,ZH,1,182,0,0,0,1085,0,0,22775348.5458984,32884.1292981181,10434623.1193848,22254.9594002957
2746,Wila,8492,8492,ZH,1,181,0,2,0,2118,94.42871,0,24100981.6884766,36834.7835372047,11045002.4951172,24936.2892120133
2747,Saland,8493,8493,ZH,1,297,0,0,0,1685,0,0,12850602.296875,18689.6868427341,5894033.45678711,12661.3340946823
2748,Bauma Zustellung,8494,8494,ZH,1,297,0,1,0,2998,33.35557,0,32480787.2041016,31394.1959501477,14908683.729248,21276.9269238337
2749,Schmidrüti,8495,8495,ZH,1,228,0,0,0,202,0,0,9682033.80810547,16095.1249276617,4435526.06860352,10891.8464491211
2750,Steg im Tösstal,8496,8496,ZH,1,114,0,0,0,919,0,0,43545416.0195313,36082.6642805379,20007264.6464844,24449.4884565149
2751,Fischenthal,8497,8497,ZH,1,114,0,0,0,869,0,0,17034653.1474609,19985.3949313148,7829605.77441406,13544.8562927711
2752,Gibswil,8498,8498,ZH,1,114,0,1,0,868,115.20737,0,13811436.1196289,21784.7106309271,6350375.06884766,14768.8471851286
2753,Sternenberg,8499,8499,ZH,1,297,0,0,0,450,0,0,22214181.6323242,26144.5441375786,10188290.0021973,17705.8154974022
2754,Frauenfeld Postauto TG-SH,8500,8500,TG,20,4566,0,6,0,26663,22.50309,0,72770594.3261719,49964.839093851,33164888.1123047,33740.7743497984
2755,Dettighofen,8505,8505,TG,20,4841,0,0,0,2014,0,0,27843946.3857422,31348.1939210846,12668307.3034668,21151.964444139
2756,Lanzenneunforn,8506,8506,TG,20,4811,0,0,0,442,0,0,14524091.8193359,21398.6962358793,6602867.71533203,14432.3361500226
2757,Hörhausen,8507,8507,TG,20,4816,0,0,0,714,0,0,24884064.7792969,36672.4871246895,11305107.0427246,24726.7105814971
2758,Homburg,8508,8508,TG,20,4816,0,0,0,912,0,0,30934697.019043,31656.8791911276,14060507.6740723,21348.8267646329
2759,Lustdorf,8512,8512,TG,20,4611,0,0,0,1385,0,0,31329386.996582,28776.1386579314,14283365.8415527,19433.4678310425
2760,Amlikon-Bissegg,8514,8514,TG,20,4881,0,0,0,1482,0,0,36237092.4726563,35824.9078079448,16514245.6015625,24186.8163247054
2761,Aawangen,8522,8522,TG,20,4551,0,0,0,563,0,0,8743465.3359375,17059.6780978153,3989877.03735352,11520.0747452434
2762,Hagenbuch ZH,8523,8523,ZH,1,220,0,0,0,1109,0,0,17932903.1347656,22196.7430640186,8185680.61743164,14996.8147688497
2763,Uesslingen,8524,8524,TG,20,4616,0,0,0,1134,0,0,30755821.7514648,29582.6298129934,14000100.6472168,19959.9943563215
2764,Niederneunforn,8525,8525,TG,20,4601,0,0,0,532,0,0,12732598.7885742,20787.7043111995,5794176.82202148,14029.5192375579
2765,Oberneunforn,8526,8526,TG,20,4601,0,1,0,564,177.30496,0,13330289.0307617,16827.9967302527,6063682.84545898,11351.7601156325
2766,Warth,8532,8532,TG,20,4621,0,0,0,1364,0,0,17815062.9667969,21656.8543182841,8109578.79638672,14620.6087155799
2767,Herdern,8535,8535,TG,20,4811,0,1,0,663,150.82956,0,14806927.7387695,20007.720161042,6734812.98657227,13493.4205326864
2768,Hüttwilen,8536,8536,TG,20,4821,0,0,0,1081,0,0,22806568.6552734,27113.9249636397,10373320.6560059,18288.5434869914
2769,Nussbaumen TG,8537,8537,TG,20,4821,0,1,0,666,150.15015,0,17103514.1645508,21464.9668039512,7777031.14697266,14471.9070291136
2770,Wiesendangen,8542,8542,ZH,1,298,0,1,0,4977,20.09243,0,15477289.9233398,22276.9093147985,7063112.97021484,15055.2502570592
2771,Gundetswil,8543,8543,ZH,1,298,0,0,0,1230,0,0,21156851.6445313,33714.4534039035,9652148.45678711,22777.8732689299
2772,Attikon,8544,8544,ZH,1,298,0,0,0,371,0,0,3202886.35644531,9679.8337136368,1460882.41455078,6540.83207748762
2773,Rickenbach ZH,8545,8545,ZH,1,225,0,1,0,2704,36.98225,0,13436433.0737305,19825.4625536912,6125163.40576172,13385.5517229037
2774,Islikon,8546,8546,TG,20,4571,0,0,0,1775,0,0,8537327.22460938,21292.8252257955,3891895.86865234,14377.9180794298
2775,Gachnang,8547,8547,TG,20,4571,0,0,0,1587,0,0,7249738.19580078,12531.8408404169,3306464.59790039,8465.09254242192
2776,Ellikon an der Thur,8548,8548,ZH,1,218,0,0,0,896,0,0,11134212.0322266,17336.0307443895,5073342.65722656,11705.0006624516
2777,Felben-Wellhausen,8552,8552,TG,20,4561,0,0,0,2809,0,0,14878916.4711914,20240.7093868331,6776223.70629883,13662.9562065391
2778,Mettendorf TG,8553,8553,TG,20,4590,0,0,0,866,0,0,25133737.8696289,25878.8025669697,11446961.9411621,17470.2372179023
2779,Müllheim-Wigoltingen,8554,8554,TG,20,4951,0,0,0,424,0,0,8370630.05078125,17650.5330691911,3811193.36962891,11912.5606847964
2780,Müllheim Dorf,8555,8555,TG,20,4831,0,0,0,2990,0,0,19575234.3188477,24999.042868243,8905998.02612305,16865.659257669
2781,Wigoltingen,8556,8556,TG,20,4951,0,0,0,1897,0,0,20650632.8520508,29184.7275400629,9395018.18652344,19692.4738817026
2782,Raperswilen,8558,8558,TG,20,4846,0,0,0,446,0,0,17113914.8198242,24651.1620424099,7776351.24609375,16619.1966349458
2783,Märstetten,8560,8560,TG,20,4941,0,0,0,2356,0,0,15201919.5083008,24726.7639543951,6919470.36474609,16685.7517607954
2784,Ottoberg,8561,8561,TG,20,4941,0,0,0,617,0,0,10666009.3823242,19309.2026501774,4855103.71386719,13029.3384540855
2785,Lipperswil,8564,8564,TG,20,4701,0,0,0,1219,0,0,31669456.7070313,26208.0071940845,14398452.6413574,17675.4051574402
2786,Hugelshofen,8565,8565,TG,20,4666,0,1,0,432,231.48148,0,10420267.2880859,14981.8663198419,4742301.29052734,10108.0937063129
2787,Dotnacht,8566,8566,TG,20,4666,0,0,0,1202,0,0,25976840.4331055,29900.3054594025,11815080.4689941,20167.0482702468
2788,Weinfelden,8570,8570,TG,20,4946,0,3,0,11550,25.97403,0,34062372.8115234,26148.4097008677,15516557.4284668,17652.9909645943
2789,Berg TG,8572,8572,TG,20,4891,0,0,0,2922,0,0,22315756.9321289,29174.8373072612,10160536.3991699,19683.6529937156
2790,Siegershausen,8573,8573,TG,20,4666,0,1,0,955,104.71204,0,18726863.0058594,23167.8143130935,8517734.18310547,15619.4892123858
2791,Lengwil,8574,8574,TG,20,4683,0,0,0,1756,0,0,19533735.5961914,25113.4913649328,8884077.28198242,16934.1402098932
2792,Bürglen TG,8575,8575,TG,20,4911,0,0,0,3458,0,0,20506332.9599609,23988.65813062,9349855.2824707,16197.0329359456
2793,Mauren TG,8576,8576,TG,20,4891,0,0,0,476,0,0,4812027.140625,10563.564732715,2192387.78637695,7132.53979499268
2794,Schönholzerswilen,8577,8577,TG,20,4756,0,0,0,883,0,0,23807748.4506836,34807.5498810807,10867681.470459,23516.5550440003
2795,Hagenwil b. Amriswil,8580,8580,TG,20,4461,0,2,0,14030,14.25517,0,55764872.1821289,52344.3700719552,25421852.6704102,35346.0685219118
2796,Schocherswil,8581,8581,TG,20,4461,0,0,0,387,0,0,3309705.22070313,8444.3011494567,1509570.0769043,5705.99916028029
2797,Dozwil,8582,8582,TG,20,4406,0,0,0,693,0,0,3013065.78222656,9691.37303974089,1372264.84838867,6540.41082689977
2798,Sulgen,8583,8583,TG,20,4506,0,0,0,3816,0,0,19524589.7646484,25709.734547992,8903231.47680664,17362.7176689776
2799,Opfershofen TG,8584,8584,TG,20,4911,0,0,0,441,0,0,8476579.04833984,16151.3563450959,3862546.26416016,10899.9101222681
2800,Klarsreuti,8585,8585,TG,20,4901,0,0,0,2077,0,0,39493841.659668,43499.0834885418,17977272.1809082,29344.7178046362
2801,Riedt b. Erlen,8586,8586,TG,20,4476,0,2,0,4321,46.28558,0,37844766.1992188,36348.1935522704,17248886.5183105,24538.0406047949
2802,Oberaach,8587,8587,TG,20,4461,0,0,0,923,0,0,5894301.32666016,11181.5077079559,2686072.76489258,7549.74700522775
2803,Zihlschlacht,8588,8588,TG,20,4511,0,0,0,1289,0,0,14467057.706543,19840.0465287501,6602456.74414063,13405.4464717007
2804,Sitterdorf,8589,8589,TG,20,4511,0,0,0,959,0,0,4396723.06787109,12058.8469584306,2007599.96264648,8149.10507001468
2805,Romanshorn,8590,8590,TG,20,4436,0,0,0,11127,0,0,72674989.6166992,41464.8862431601,33094004.1755371,27987.1998352998
2806,Uttwil,8592,8592,TG,20,4451,0,0,0,1863,0,0,38360631.1308594,31516.6708903237,17455313.625,21255.1926550108
2807,Kesswil,8593,8593,TG,20,4426,0,0,0,1004,0,0,24528393.3974609,28392.0756501812,11159755.8615723,19142.4177918793
2808,Güttingen,8594,8594,TG,20,4656,0,1,0,1608,62.18905,0,45784435.0864258,36430.610284418,20823706.6340332,24566.657011311
2809,Altnau,8595,8595,TG,20,4641,0,0,0,2243,0,0,26934128.6811523,31083.9044506117,12246610.2744141,20955.1985651402
2810,Scherzingen,8596,8596,TG,20,4691,0,0,0,1959,0,0,16498380.0527344,22451.7171387578,7496190.36987305,15131.84557258
2811,Landschlacht,8597,8597,TG,20,4691,0,1,0,1462,68.39945,0,21440798.3320313,21976.6156722012,9742332.49316406,14810.4833050273
2812,Bottighofen,8598,8598,TG,20,4643,0,0,0,2187,0,0,9737138.69287109,17297.0630790868,4423911.51757813,11654.3975900181
2813,Salmsach,8599,8599,TG,20,4441,0,1,0,1452,68.87052,0,7276598.38964844,31298.6365412876,3316634.12988281,21147.2275063294
2814,Dübendorf 1,8600,8600,ZH,1,191,0,16,0,26579,60.1979,0,24425681.3237305,27785.4821216258,11200586.6230469,18815.5506092499
2815,Wangen b. Dübendorf,8602,8602,ZH,1,200,0,3,0,2622,114.41648,0,12193660.2104492,16921.0638130583,5588133.15380859,11454.8542793404
2816,Schwerzenbach Bahnstrasse,8603,8603,ZH,1,197,0,2,0,5604,35.68879,0,6253533.49072266,12554.4748360255,2868891.78198242,8501.53224344116
2817,Volketswil,8604,8604,ZH,1,199,0,2,0,16371,12.21672,0,23933341.3251953,25919.1506158795,10974602.9416504,17551.9104251605
2818,Gutenswil,8605,8605,ZH,1,199,0,0,0,1745,0,0,6632342.0390625,13621.042027755,3042152.95898438,9227.65999655703
2819,Nänikon,8606,8606,ZH,1,198,0,1,0,8120,12.31527,0,18807906.0107422,19094.3097497564,8632902.890625,12935.1960985606
2820,Aathal-Seegräben,8607,8607,ZH,1,119,0,0,0,1488,0,0,8893427.81982422,15410.3210099939,4086223.46508789,10443.7692025097
2821,Bubikon,8608,8608,ZH,1,112,0,2,0,3853,51.9076,0,18577931.9482422,25103.3533606337,8558605.32763672,17039.0162583413
2822,Uster 1,8610,8610,ZH,1,198,0,4,0,29269,13.66634,0,37448551.9819336,33458.4392772007,17201827.4230957,22674.0569740405
2823,Bertschikon (Gossau ZH),8614,8614,ZH,1,115,0,0,0,1651,0,0,7276738.91357422,12593.5710542828,3345628.79516602,8541.17097321266
2824,Wermatswil,8615,8615,ZH,1,198,0,0,0,1375,0,0,11087367.2739258,16744.9431628752,5089074.66455078,11345.8778834802
2825,Riedikon,8616,8616,ZH,1,198,0,0,0,827,0,0,5749324.71679688,9827.4095606201,2642697.81469727,6662.5941004052
2826,Mönchaltorf,8617,8617,ZH,1,196,0,0,0,3677,0,0,16725518.7016602,25478.2355220376,7693035.91137695,17281.6122515653
2827,Oetwil am See,8618,8618,ZH,1,157,0,2,0,4837,41.34794,0,13351936.8608398,19648.444610551,6150116.97070313,13336.2131008706
2828,Wetzikon ZH,8620,8620,ZH,1,121,0,5,0,17040,29.34272,0,30239470.3813477,40447.5601204728,13903444.4973145,27423.8435951304
2829,Wetzikon ZH,8623,8620,ZH,1,121,0,1,0,7688,13.00728,0,6420829.29736328,12595.1036529903,2951077.47998047,8542.21027736779
2830,Grüt (Gossau ZH),8624,8624,ZH,1,115,0,0,0,2349,0,0,4722285.92773438,11479.9966217949,2172313.32543945,7785.92992267831
2831,Gossau ZH,8625,8625,ZH,1,115,0,1,0,5301,18.86437,0,16586171.0581055,25303.6447395394,7631294.13208008,17167.9720557442
2832,Ottikon (Gossau ZH),8626,8626,ZH,1,115,0,0,0,1333,0,0,12974875.6982422,18299.0458471356,5972574.15917969,12418.869274321
2833,Grüningen,8627,8627,ZH,1,116,0,0,0,3496,0,0,19190303.3461914,22695.1197977414,8837594.64648438,15403.6481740018
2834,Rüti ZH,8630,8630,ZH,1,118,0,2,0,12189,16.40824,0,21564848.793457,24787.3500881114,9938981.00732422,16835.2584917507
2835,Tann,8632,8632,ZH,1,113,0,3,0,3848,77.96258,0,3314305.03515625,8895.05297486238,1526958.49462891,6037.57435353581
2836,Wolfhausen,8633,8633,ZH,1,112,0,2,0,3447,58.02147,0,6748664.89208984,15359.8217865209,3110537.35595703,10427.915710127
2837,Hombrechtikon,8634,8634,ZH,1,153,0,2,0,8347,23.9607,0,20287473.5219727,22139.3078598,9351041.07299805,15034.4709798769
2838,Dürnten,8635,8635,ZH,1,113,0,3,0,3771,79.55449,0,18753465.2114258,28174.4000962045,8637147.40820313,19124.0308689949
2839,Wald ZH Poststrasse,8636,8636,ZH,1,120,0,1,0,8324,12.01346,0,56551551.0366211,49639.6433984992,26034051.9733887,33691.7047033462
2840,Laupen ZH,8637,8637,ZH,1,120,0,0,0,1840,0,0,4633775.89306641,11967.8598612409,2135026.23266602,8128.20411929574
2841,Goldingen,8638,8638,SG,17,3342,0,0,0,1115,0,0,41805774.5952148,42198.2909441341,19248650.3312988,28635.7181815984
2842,Rapperswil SG,8640,8640,SG,17,3340,0,0,0,8821,0,0,13897733.4663086,20714.7823179021,6414249.97607422,14072.5516243148
2843,Jona Buech Gewerbe,8645,8645,SG,17,3340,0,0,0,17086,0,0,34139629.6298828,36040.5636177376,15749751.9104004,24483.8958159072
2844,Wagen,8646,8646,SG,17,3340,0,0,0,1191,0,0,8561724.4296875,15238.8778892874,3949820.57666016,10357.2712060853
2845,Küsnacht ZH,8700,8700,ZH,1,154,0,7,0,13579,51.55019,0,21341429.2548828,22004.0474339446,9813260.34960938,14920.3325432715
2846,Zollikon,8702,8702,ZH,1,161,0,6,0,8017,74.84096,0,12194519.2602539,16426.8120045829,5603145.83642578,11137.246964997
2847,Erlenbach ZH,8703,8703,ZH,1,151,0,0,0,5582,0,0,9996828.45361328,19605.4141365002,4599793.24414063,13301.490309256
2848,Herrliberg,8704,8704,ZH,1,152,0,0,0,6384,0,0,23051312.0600586,24109.4456871835,10609210.6914063,16361.6656516161
2849,Meilen,8706,8706,ZH,1,156,0,5,0,14238,35.11729,0,36793526.5390625,27552.9287212083,16946053.949707,18702.054153019
2850,Uetikon am See,8707,8707,ZH,1,159,0,5,0,6185,80.84074,0,9420181.34912109,15066.8907980389,4340135.64477539,10222.8577323887
2851,Männedorf,8708,8708,ZH,1,155,0,7,0,11183,62.59501,0,17517497.6538086,17294.5275279455,8074449.29101563,11738.3896500306
2852,Stäfa,8712,8712,ZH,1,158,0,4,0,11391,35.11544,0,27192599.7314453,26187.3667823334,12540637.3156738,17782.8546056203
2853,Uerikon,8713,8713,ZH,1,158,0,4,0,3110,128.61736,0,16336219.9858398,18162.2576542411,7538042.13085938,12339.4134468831
2854,Feldbach,8714,8714,ZH,1,153,0,0,0,517,0,0,13729239.1245117,20578.8463983215,6333226.5456543,13977.3317429927
2855,Bollingen,8715,8715,SG,17,3340,0,0,0,163,0,0,14759800.1513672,18804.1218432972,6811673.95654297,12781.9188340953
2856,Schmerikon,8716,8716,SG,17,3338,0,1,0,3771,26.51816,0,12830453.7788086,16736.8849191575,5920769.10351563,11375.7737252544
2857,Benken SG,8717,8717,SG,17,3312,0,1,0,3053,32.75467,0,35796883.6674805,28751.4094521576,16538863.4431152,19544.4259673317
2858,Schänis,8718,8718,SG,17,3315,0,1,0,3003,33.30003,0,39934797.6210938,30453.2816334068,18471784.5527344,20716.9974118744
2859,Kaltbrunn,8722,8722,SG,17,3313,0,1,0,4865,20.55498,0,40026740.8476563,48166.662182004,18481237.8139648,32731.7862603013
2860,Rufi,8723,8723,SG,17,3315,0,1,0,837,119.47431,0,43680859.9433594,36706.0102085644,20186486.9663086,24949.5057233126
2861,Gebertingen,8725,8725,SG,17,3341,0,0,0,1153,0,0,11100835.2568359,18803.4656370968,5118521.73144531,12768.7513736255
2862,Ricken SG,8726,8726,SG,17,3341,0,0,0,476,0,0,29199783.5996094,30232.6711548488,13457176.9455566,20528.4253231587
2863,Walde SG,8727,8727,SG,17,3342,0,0,0,235,0,0,14884754.7714844,20787.8772304924,6856088.56811523,14111.1407027949
2864,Uznach Postauto Linth-SZ-GL,8730,8730,SG,17,3339,0,0,0,6371,0,0,18158832.4829102,25673.7084473214,8379362.36791992,17442.0109694644
2865,Neuhaus SG,8732,8732,SG,17,3342,0,0,0,1007,0,0,6105389.83056641,12886.6495333727,2815610.234375,8752.7586426902
2866,Eschenbach SG,8733,8733,SG,17,3342,0,0,0,4664,0,0,15918185.2836914,18980.7156626094,7340139.58569336,12891.8715675791
2867,Ermenswil,8734,8734,SG,17,3342,0,0,0,814,0,0,8048566.10253906,13705.7003748394,3711062.09912109,9311.32121505796
2868,Rüeterswil,8735,8735,SG,17,3342,0,0,0,1838,0,0,27283719.4448242,34518.2348722942,12571297.3244629,23431.1433966978
2869,Gommiswald,8737,8737,SG,17,3341,0,0,0,1791,0,0,5232320.40087891,12264.8593578707,2413907.39135742,8332.98555329375
2870,Uetliburg SG,8738,8738,SG,17,3341,0,0,0,1243,0,0,14968682.1455078,22706.7705484235,6903196.41015625,15427.7011308668
2871,Rieden SG,8739,8739,SG,17,3341,0,0,0,759,0,0,25373874.9980469,26921.9703865594,11708752.7851563,18291.8015637122
2872,Glarus,8750,8750,GL,8,1632,0,0,0,6874,0,0,155225351.549316,65473.8283114104,72175271.6403809,44658.6598607735
2873,Urnerboden,8751,8751,UR,4,1218,0,0,0,53,0,0,89728042.9042969,43945.3666392728,41941286.276123,30046.9350682584
2874,Näfels,8752,8752,GL,8,1630,0,1,0,4739,21.1015,0,95844055.2734375,52401.2720014975,44457079.9384766,35694.4627356914
2875,Mollis,8753,8753,GL,8,1630,0,0,0,3952,0,0,45628881.8398438,34264.9278813869,21159023.338623,23324.7690920353
2876,Netstal,8754,8754,GL,8,1632,0,0,0,3112,0,0,23058625.5810547,29210.2410728065,10704768.119873,19908.7012828859
2877,Ennenda,8755,8755,GL,8,1632,0,0,0,2477,0,0,47903995.1977539,33492.8593885105,22254893.7324219,22824.4813045349
2878,Mitlödi,8756,8756,GL,8,1631,0,0,0,993,0,0,13268486.5478516,22975.3320003542,6170827.34472656,15670.4787322803
2879,Filzbach,8757,8757,GL,8,1630,0,0,0,495,0,0,33563664.7041016,39357.4326585367,15559855.3208008,26791.6015941015
2880,Obstalden,8758,8758,GL,8,1630,0,0,0,542,0,0,49481984.0571289,41837.5103935641,22959955.802002,28489.7397737546
2881,Schwanden GL,8762,8762,GL,8,1631,0,0,0,3149,0,0,101896245.120117,78722.314767973,47438407.9914551,53697.2240444877
2882,Engi,8765,8765,GL,8,1631,0,0,0,615,0,0,87755652.6894531,50834.2713114107,40839073.7614746,34678.3349836778
2883,Matt,8766,8766,GL,8,1631,0,0,0,289,0,0,87996561.4458008,56370.9979274265,40992109.730957,38473.1327999091
2884,Elm,8767,8767,GL,8,1631,0,0,0,667,0,0,194672989.945801,66622.0155097274,90905975.3342285,45534.3411553742
2885,Nidfurn,8772,8772,GL,8,1631,0,0,0,271,0,0,5515390.14648438,11732.4228082134,2567699.5859375,8006.21630644409
2886,Haslen GL,8773,8773,GL,8,1631,0,0,0,655,0,0,24841995.1977539,29163.2417551579,11577373.8388672,19898.6917438235
2887,Leuggelbach,8774,8774,GL,8,1631,0,0,0,142,0,0,3765638.65966797,9374.29936364697,1753709.97412109,6398.10396216082
2888,Luchsingen,8775,8775,GL,8,1631,0,0,0,864,0,0,50264426.6933594,39671.2314491161,23412557.3718262,27087.9986300824
2889,Diesbach GL,8777,8777,GL,8,1631,0,0,0,409,0,0,34921769.4086914,33477.6567658111,16289645.5668945,22870.6525887578
2890,Rüti GL,8782,8782,GL,8,1631,0,0,0,357,0,0,14158169.1391602,23220.4989494826,6605142.35522461,15863.2835460214
2891,Linthal,8783,8783,GL,8,1631,0,0,0,1073,0,0,278907298.29248,87882.2815021453,130448856.551025,60100.5481267676
2892,Braunwald,8784,8784,GL,8,1631,0,1,0,300,333.33333,0,24347988.8574219,24748.7690107122,11353004.5129395,16901.9451487988
2893,Thalwil,8800,8800,ZH,1,141,0,3,0,15524,19.32492,0,13189697.671875,14686.1168163649,6071427.91357422,9963.65535720095
2894,Kilchberg ZH,8802,8802,ZH,1,135,0,2,0,8482,23.57934,0,10580900.2548828,13711.4640277389,4864450.33886719,9293.57392356122
2895,Rüschlikon,8803,8803,ZH,1,139,0,1,0,5993,16.68613,0,9434475.9921875,13664.4545914461,4340347.06713867,9270.40251574287
2896,Au ZH,8804,8804,ZH,1,293,0,1,0,6012,16.6334,0,12130015.3964844,14102.1438834844,5592524.40429688,9577.72161454171
2897,Richterswil,8805,8805,ZH,1,138,0,5,0,10160,49.2126,0,19296046.6279297,19678.929341503,8908479.40112305,13374.5168705257
2898,Bäch SZ,8806,8806,SZ,5,1322,0,0,0,2042,0,0,3841384.47851563,9209.80126750672,1774169.97583008,6262.31039083001
2899,Freienbach,8807,8807,SZ,5,1322,0,0,0,2950,0,0,7714325.85449219,11265.2921895069,3562362.77929688,7654.68070292073
2900,Pfäffikon SZ,8808,8808,SZ,5,1322,0,0,0,7379,0,0,25094411.7104492,32346.9401695055,11591853.0932617,21991.4344223238
2901,Horgen 1,8810,8810,ZH,1,295,0,10,0,20157,49.61056,0,27667011.4570313,25027.596540769,12754088.7475586,16989.8783511764
2902,Horgenberg,8815,8815,ZH,1,295,0,0,0,350,0,0,10873164.8510742,19372.7894941101,5013045.35180664,13152.9460233752
2903,Hirzel,8816,8816,ZH,1,295,0,0,0,2210,0,0,21067938.2470703,24840.318722918,9723907.32836914,16872.1653762251
2904,Wädenswil Zustellung,8820,8820,ZH,1,293,0,5,0,15449,32.36455,0,41825641.0019531,29075.4770193429,19301286.5786133,19751.5831751684
2905,Schönenberg ZH,8824,8824,ZH,1,293,0,0,0,1892,0,0,23741272.7285156,22819.3471181635,10968290.6162109,15508.6278002819
2906,Hütten,8825,8825,ZH,1,293,0,0,0,926,0,0,16139669.2685547,20209.4867977444,7462250.50219727,13744.4749802544
2907,Wollerau,8832,8832,SZ,5,1323,0,5,0,11016,45.38853,0,14266582.878418,23330.3585468855,6591532.85522461,15865.6865627463
2908,Samstagern,8833,8833,ZH,1,138,0,0,0,3209,0,0,8742976.26025391,12599.6588186998,4039225.24511719,8564.61015232499
2909,Schindellegi,8834,8834,SZ,5,1321,0,1,0,3700,27.02703,0,17934936.2949219,20961.3836604876,8292051.38842773,14258.0576714129
2910,Feusisberg,8835,8835,SZ,5,1321,0,0,0,1674,0,0,17393831.355957,22870.9094469652,8039710.68066406,15554.7454498865
2911,Bennau,8836,8836,SZ,5,1301,0,0,0,1185,0,0,32077322.578125,29068.7855787377,14843580.1164551,19779.9511284128
2912,Einsiedeln,8840,8840,SZ,5,1301,0,0,0,11259,0,0,53672244.9453125,36150.8794112988,24865693.173584,24600.7566671953
2913,Gross,8841,8841,SZ,5,1301,0,0,0,1380,0,0,34955455.5966797,27923.2000993874,16207794.9311523,19004.5716588202
2914,Unteriberg,8842,8842,SZ,5,1375,0,0,0,2050,0,0,86061656.105957,54382.2590488586,39986294.1262207,37073.06907655
2915,Oberiberg,8843,8843,SZ,5,1368,0,0,0,895,0,0,58304253.3984375,36663.9450063475,27100370.1916504,24995.9146016999
2916,Euthal,8844,8844,SZ,5,1301,0,0,0,679,0,0,57451346.5224609,38109.9052432109,26644752.3208008,25964.1351625255
2917,Studen SZ,8845,8845,SZ,5,1375,0,0,0,443,0,0,42773644.6713867,37591.7116054377,19872185.2731934,25614.0297178519
2918,Willerzell,8846,8846,SZ,5,1301,0,0,0,1073,0,0,44926743.550293,30215.3619584786,20805386.9018555,20561.7833304583
2919,Egg SZ,8847,8847,SZ,5,1301,0,0,0,588,0,0,25728411.4375,21174.9402597435,11900972.8728027,14405.572945461
2920,Alpthal,8849,8849,SZ,5,1361,0,0,0,647,0,0,48596666.875,32913.4588324265,22565531.0739746,22422.5128148228
2921,Altendorf B&V GK 2,8852,8852,SZ,5,1341,0,2,0,7714,25.92689,0,52882340.1230469,39699.2775938283,24447225.6940918,26988.5006542461
2922,Lachen SZ,8853,8853,SZ,5,1344,0,0,0,8162,0,0,9664684.46289063,12894.5885741074,4464534.99829102,8762.47540791944
2923,Galgenen,8854,8854,SZ,5,1342,0,0,0,11206,0,0,68890404.0209961,50909.2642649764,31873604.7661133,34628.9325577211
2924,Wangen SZ,8855,8855,SZ,5,1349,0,1,0,3337,29.96704,0,23724109.8720703,21227.9623430187,10959032.2858887,14430.6056902372
2925,Tuggen,8856,8856,SZ,5,1347,0,1,0,3234,30.92146,0,29461313.4614258,24576.3576545885,13607186.2456055,16707.616291391
2926,Vorderthal,8857,8857,SZ,5,1348,0,0,0,1057,0,0,60120006.9379883,37892.331756308,27845193.5761719,25793.910884321
2927,Innerthal,8858,8858,SZ,5,1343,0,0,0,198,0,0,107973276.844238,59519.7496333527,50103337.0349121,40544.4643489318
2928,Schübelbach,8862,8862,SZ,5,1346,0,0,0,2700,0,0,11138924.6430664,15688.5966782803,5149860.26806641,10666.6672942177
2929,Buttikon SZ,8863,8863,SZ,5,1346,0,0,0,2360,0,0,13251538.4013672,20002.8854440801,6128191.1328125,13605.2493755515
2930,Reichenburg,8864,8864,SZ,5,1345,0,0,0,3814,0,0,24932808.6411133,23090.2000249759,11532821.2211914,15701.6766122283
2931,Bilten,8865,8865,GL,8,1630,0,0,0,2383,0,0,34287077.3422852,25192.1687184933,15868761.4484863,17142.5161042484
2932,Ziegelbrücke,8866,8866,GL,8,1630,0,0,0,453,0,0,3596489.89111328,9766.21601644119,1665145.01757813,6645.73246901821
2933,Niederurnen Dist Hub,8867,8867,GL,8,1630,0,0,0,3758,0,0,28654604.1621094,32453.5051307409,13271404.9221191,22105.3558857551
2934,Oberurnen,8868,8868,GL,8,1630,0,1,0,1902,52.57624,0,10104939.1254883,20854.2142035892,4681948.34082031,14208.6482201661
2935,Weesen,8872,8872,SG,17,3316,0,0,0,2183,0,0,26552914.0561523,39332.3078859857,12293240.0803223,26775.998848124
2936,Amden,8873,8873,SG,17,3311,0,0,0,1512,0,0,92694615.4746094,47599.1490199903,42878555.4143066,32382.8440889147
2937,Mühlehorn,8874,8874,GL,8,1630,0,0,0,445,0,0,24400731.7314453,34058.0581371792,11311402.244873,23183.844251929
2938,Murg,8877,8877,SG,17,3295,0,0,0,763,0,0,71916868.9399414,49475.5657054305,33379663.0297852,33697.8066475725
2939,Quinten,8878,8878,SG,17,3295,0,0,0,49,0,0,24532039.7910156,21738.500771767,11359068.4133301,14798.8587317956
2940,Walenstadt,8880,8880,SG,17,3298,0,0,0,4402,0,0,21699625.4091797,25054.5018613945,10051993.5849609,17052.1567741746
2941,Tscherlach,8881,8881,SG,17,3298,0,0,0,647,0,0,47739152.7583008,44639.4385603495,22102083.4001465,30379.8219162254
2942,Unterterzen,8882,8882,SG,17,3295,0,0,0,829,0,0,8446707.31347656,13470.2334096092,3913767.06542969,9174.47670222517
2943,Quarten,8883,8883,SG,17,3295,0,0,0,393,0,0,7286444.69726563,13452.6666027511,3377598.38574219,9161.17352025578
2944,Oberterzen,8884,8884,SG,17,3295,0,0,0,345,0,0,27047211.7885742,23065.8734333884,12545975.1955566,15705.4511998888
2945,Mols,8885,8885,SG,17,3295,0,0,0,553,0,0,10539764.6757813,14953.9290973543,4884007.94042969,10183.9240138181
2946,Mädris-Vermol,8886,8886,SG,17,3293,0,0,0,199,0,0,63567294.5634766,40088.119150926,29539713.4033203,27330.5143995067
2947,Mels,8887,8887,SG,17,3293,0,1,0,6717,14.8876,0,29426997.3168945,52763.904695872,13677035.9257813,35971.934075057
2948,Heiligkreuz (Mels),8888,8888,SG,17,3293,0,0,0,1367,0,0,11962857.3149414,18295.555381673,5552437.50244141,12468.1569225821
2949,Plons,8889,8889,SG,17,3293,0,0,0,584,0,0,8652758.35595703,17237.4858820317,4017318.20043945,11749.8819178171
2950,Flums Zustellung,8890,8890,SG,17,3292,0,0,0,3445,0,0,10082563.7348633,17089.4333250789,4675524.73095703,11639.2605131154
2951,Berschis,8892,8892,SG,17,3298,0,0,0,659,0,0,35860389.6445313,32788.192334043,16616994.7512207,22322.8603417383
2952,Flums Hochwiese,8893,8893,SG,17,3292,0,0,0,397,0,0,13643391.418457,18589.4558137814,6329044.71118164,12658.3126155742
2953,Flumserberg Saxli,8894,8894,SG,17,3292,0,0,0,211,0,0,24203827.2602539,35342.960742741,11237904.2524414,24088.2160771023
2954,Flumserberg Portels,8895,8895,SG,17,3292,0,0,0,223,0,0,11486315.8549805,18966.0477247034,5330931.66381836,12921.2945318249
2955,Flumserberg Bergheim,8896,8896,SG,17,3292,0,0,0,477,0,0,12811737.3334961,25507.7340684147,5941669.21826172,17374.9822467474
2956,Flumserberg Tannenheim,8897,8897,SG,17,3292,0,0,0,247,0,0,87930404.7412109,54910.4763318946,40847806.0600586,37422.5073647794
2957,Flumserberg Tannenbodenalp,8898,8898,SG,17,3292,0,0,0,109,0,0,10263271.2724609,21501.0650900332,4761591.16577148,14646.2778834471
2958,Urdorf,8902,8902,ZH,1,250,0,4,0,10691,37.41465,0,16501230.953125,20116.7374068137,7570662.88061523,13626.9589753023
2959,Birmensdorf ZH Kaserne,8903,8903,ZH,1,242,0,6,0,6713,89.37882,0,24902329.6298828,31288.7666279348,11436157.0175781,21204.830190943
2960,Aesch ZH,8904,8904,ZH,1,241,0,0,0,1559,0,0,11400022.5151367,15350.6806954782,5238956.98120117,10407.1449486771
2961,Arni-Islisberg,8905,8905,AG,19,4061,0,0,0,2455,0,0,10877299.5419922,21140.4039789824,5001805.21582031,14334.7631925608
2962,Bonstetten,8906,8906,ZH,1,3,0,3,0,5733,52.32862,0,16206106.2480469,22015.4601271919,7452850.48999023,14928.4879822838
2963,Wettswil,8907,8907,ZH,1,14,0,2,0,5000,40,0,8111023.87109375,15550.6719890995,3727253.63891602,10540.3781979794
2964,Hedingen,8908,8908,ZH,1,5,0,0,0,3769,0,0,14287962.1870117,18784.2562129871,6574526.1706543,12742.6048845676
2965,Zwillikon,8909,8909,ZH,1,2,0,1,0,1325,75.4717,0,6693954.90673828,12514.8887481635,3081544.00756836,8489.62406440999
2966,Affoltern am A. Zustellung,8910,8910,ZH,1,2,0,3,0,10829,27.70339,0,16421122.9282227,21594.2448897675,7562599.15576172,14652.6128072794
2967,Rifferswil,8911,8911,ZH,1,12,0,0,0,1147,0,0,14116477.534668,21555.9132094763,6509347.27050781,14640.0427847743
2968,Obfelden,8912,8912,ZH,1,10,0,0,0,5596,0,0,16309235.6455078,21693.7826285787,7515750.61743164,14724.5591778083
2969,Ottenbach,8913,8913,ZH,1,11,0,1,0,2547,39.26188,0,10958478.4399414,15544.5595439197,5046231.42749023,10546.2517175318
2970,Aeugst am Albis,8914,8914,ZH,1,1,0,0,0,1984,0,0,17238359.2456055,19907.9583172783,7939836.14404297,13510.1508648488
2971,Hausen am Albis,8915,8915,ZH,1,4,0,3,0,2736,109.64912,0,22063368.6889648,25676.7508626284,10171630.296875,17430.5447106281
2972,Jonen,8916,8916,AG,19,4071,0,0,0,2120,0,0,12449714.1435547,17171.3988826873,5728997.0168457,11650.3322873957
2973,Oberlunkhofen,8917,8917,AG,19,4073,0,1,0,1987,50.32713,0,6980044.70458984,15209.1188196009,3210505.14916992,10316.2747646031
2974,Unterlunkhofen,8918,8918,AG,19,4079,0,0,0,1453,0,0,9924382.58447266,21628.3201716626,4562639.30102539,14667.8465549141
2975,Rottenschwil,8919,8919,AG,19,4238,0,0,0,866,0,0,9589743.77099609,14662.7294444971,4410522.67578125,9940.57615395371
2976,Ebertswil,8925,8925,ZH,1,4,0,0,0,959,0,0,6717574.24951172,12845.6301048709,3099644.27587891,8728.42848345571
2977,Kappel am Albis,8926,8926,ZH,1,6,0,0,0,1164,0,0,17187750.4790039,26029.3356134751,7931384.39086914,17684.7536880087
2978,Mettmenstetten,8932,8932,ZH,1,9,0,2,0,5106,39.1696,0,27987804.6542969,36321.4135802176,12904217.2824707,24663.5476015076
2979,Maschwanden,8933,8933,ZH,1,8,0,0,0,668,0,0,10035223.4814453,14923.7671536966,4629131.91040039,10135.2350654366
2980,Knonau,8934,8934,ZH,1,7,0,0,0,2378,0,0,14122917.2988281,21540.0181146362,6517256.69628906,14630.3708245403
2981,Oberrieden,8942,8942,ZH,1,137,0,3,0,4952,60.58158,0,9453586.66894531,14136.267456575,4354391.06298828,9596.20631688813
2982,Fahrweid,8951,8951,ZH,1,251,0,0,0,3248,0,0,4580245.94238281,11160.6864362856,2099038.50561523,7553.69646109317
2983,Schlieren,8952,8952,ZH,1,247,1,4,0.25,18182,21.99978,5.49995,14404291.6123047,18932.4715727783,6604862.48950195,12823.1389942394
2984,Dietikon 1,8953,8953,ZH,1,243,0,3,0,26739,11.21957,0,20625639.171875,33958.4633027245,9455141.62109375,22990.503331437
2985,Geroldswil,8954,8954,ZH,1,244,0,2,0,3733,53.57621,0,2782356.76318359,7648.16285586616,1274436.73901367,5176.09206236926
2986,Oetwil an der Limmat,8955,8955,ZH,1,246,0,1,0,2526,39.58828,0,5996336.12207031,13343.5293097322,2745828.09716797,9033.86098063242
2987,Killwangen,8956,8956,AG,19,4030,0,1,0,2034,49.16421,0,5251005.31933594,10696.4992488933,2404809.7734375,7239.69855707595
2988,Spreitenbach Zustellung,8957,8957,AG,19,4040,0,1,0,11867,8.42673,0,18670675.3500977,21162.6489768133,8553767.2277832,14323.7317884149
2989,Bergdietikon,8962,8962,AG,19,4023,0,1,0,2848,35.11236,0,12633767.8730469,19430.6005996933,5794534.48120117,13155.7380876642
2990,Rudolfstetten,8964,8964,AG,19,4075,0,1,0,4290,23.31002,0,10745005.637207,15430.1659398774,4931864.84521484,10456.914087327
2991,Berikon 2 Dorf,8965,8965,AG,19,4062,0,1,0,4792,20.86811,0,11743534.4604492,17525.0998318843,5393125.55639648,11877.3126199781
2992,Oberwil-Lieli,8966,8966,AG,19,4074,0,0,0,2416,0,0,11527813.3666992,15777.3571563448,5297376.48022461,10695.9070587897
2993,Widen,8967,8967,AG,19,4081,0,3,0,3697,81.14688,0,5902845.63574219,12928.1748940171,2709142.71826172,8755.2291828732
2994,St. Gallen 1 Annahme,9000,9000,SG,17,3203,0,3,0,35207,8.52103,0,17468392.7885742,24032.7599485799,8001156.17553711,16270.8521601067
2995,St. Gallen,9008,9000,SG,17,3203,0,1,0,8125,12.30769,0,4226323.88916016,10286.3897324394,1934575.82348633,6957.95477882266
2996,St. Gallen,9010,9000,SG,17,3203,0,1,0,2785,35.90664,0,6985317.74902344,13634.8373933871,3197394.97875977,9224.02036099305
2997,St. Gallen,9011,9000,SG,17,3203,1,2,0.5,3259,61.36852,30.68426,19169457.4726563,18549.4412849373,8783215.36914063,12557.8992162792
2998,St. Gallen,9012,9000,SG,17,3203,0,1,0,2185,45.76659,0,4100579.53271484,11569.0825681181,1879254.29248047,7832.97087253578
2999,St. Gallen 14 Zustellung,9014,9000,SG,17,3203,0,3,0,10092,29.72652,0,8236151.17138672,13576.4732734577,3774718.92211914,9191.43857133503
3000,St. Gallen,9015,9000,SG,17,3203,0,1,0,4365,22.90951,0,11976364.5131836,23904.2459732725,5488916.95507813,16184.7629295116
1001,Leuzigen,3297,3297,BE,2,388,0,1,0,1251,79.93605,0,22109181.1264648,23049.8125487793,10223054.0456543,15674.350664335
1002,Oberwil b. Büren,3298,3298,BE,2,391,0,3,0,870,344.82759,0,14673763.5214844,21199.7702142871,6795172.484375,14429.6377468491
1003,Moosseedorf,3302,3302,BE,2,544,0,6,0,4041,148.4781,0,12287423.9018555,21205.8816214982,5715717.17700195,14463.3595898775
1004,Jegenstorf,3303,3303,BE,2,540,0,10,0,6223,160.6942,0,31798348.6601563,33205.2552773102,14769708.798584,22633.799541417
1005,Iffwil,3305,3305,BE,2,541,0,2,0,528,378.78788,0,15659796.8183594,21679.6464382381,7269090.82714844,14773.1677064013
1006,Etzelkofen,3306,3306,BE,2,538,0,3,0,333,900.9009,0,5992079.20556641,10563.8856334966,2779715.97119141,7194.57947401049
1007,Brunnenthal,3307,3307,SO,11,2457,0,0,0,171,0,0,2488077.97900391,11226.1391001944,1154139.12353516,7646.91035597561
1008,Grafenried,3308,3308,BE,2,538,0,1,0,1038,96.33911,0,13084909.0415039,18024.0041323755,6071214.89135742,12276.593728809
1009,Kernenried,3309,3309,BE,2,411,0,1,0,877,114.02509,0,15124734.4594727,18911.1793079245,7020167.05444336,12884.6262691576
1010,Fraubrunnen,3312,3312,BE,2,538,0,4,0,1849,216.33315,0,12710962.5615234,22850.2654008657,5895621.87744141,15562.3719440547
1011,Büren zum Hof,3313,3313,BE,2,538,0,1,0,468,213.67521,0,7271815.59960938,15259.8284678241,3371672.54370117,10391.190333376
1012,Schalunen,3314,3314,BE,2,538,0,0,0,585,0,0,4672003.80566406,10042.1600415704,2165186.18432617,6834.92768551781
1013,Bätterkinden,3315,3315,BE,2,533,0,4,0,3136,127.55102,0,20495386.7333984,28528.9459789194,9488893.49658203,19401.3051774753
1014,Limpach,3317,3317,BE,2,538,0,1,0,607,164.74465,0,17876791.652832,19634.4712375339,8286241.6706543,13369.9345458038
1015,Urtenen-Schönbühl Zust,3322,3322,BE,2,551,0,9,0,6813,132.1004,0,24716557.1484375,32380.9275894015,11492144.1582031,22083.7778775358
1016,Bäriswil BE,3323,3323,BE,2,403,0,0,0,1061,0,0,5860142.6640625,12573.8546293102,2725256.83862305,8572.78101696511
1017,Mötschwil,3324,3324,BE,2,416,0,1,0,2587,38.65481,0,20564624.6977539,28131.5558589864,9554320.31298828,19174.6729402548
1018,Hettiswil b. Hindelbank,3325,3325,BE,2,414,0,3,0,927,323.6246,0,10514202.1411133,19086.4986644337,4887700.2902832,13012.8436625276
1019,Krauchthal,3326,3326,BE,2,414,0,1,0,1471,67.98097,0,31739012.515625,32182.7845441776,14767353.2019043,21951.366142955
1020,Herzogenbuchsee Lagerstr,3360,3360,BE,2,979,0,5,0,5908,84.63101,0,14824698.2436523,17133.3726684449,6848740.96557617,11643.419487634
1021,Niederönz,3362,3362,BE,2,982,0,2,0,1722,116.14402,0,6026349.10595703,13145.9436337663,2784938.51831055,8935.40104158903
1022,Oberönz,3363,3363,BE,2,979,0,0,0,1208,0,0,6364393.45996094,13886.5282405816,2942509.6159668,9441.52869060247
1023,Grasswil,3365,3365,BE,2,988,0,0,0,1090,0,0,19080741.8740234,22424.0154239373,8830344.59521484,15253.8473209709
1024,Bettenhausen,3366,3366,BE,2,973,0,0,0,642,0,0,8548205.16796875,13490.9302212392,3952735.54907227,9173.36225044604
1025,Thörigen,3367,3367,BE,2,989,0,3,0,1439,208.47811,0,20641552.8652344,28076.5365358828,9547409.48364258,19090.3656603396
1026,Bleienbach,3368,3368,BE,2,324,0,0,0,741,0,0,12346049.8461914,20873.3364295438,5706298.69287109,14191.3545683514
1027,Wanzwil,3372,3372,BE,2,977,0,0,0,217,0,0,1355729.85986328,6152.68549418437,626221.404052734,4181.35429885229
1028,Röthenbach Herzogenbuchsee,3373,3373,BE,2,977,0,2,0,936,213.67521,0,11239513.7299805,19183.5224888466,5189311.44213867,13034.9234148075
1029,Wangenried,3374,3374,BE,2,993,0,0,0,424,0,0,6155663.75634766,11947.4506971738,2841326.16210938,8120.87812994897
1030,Inkwil,3375,3375,BE,2,980,0,0,0,647,0,0,7387472.90576172,13827.6407571185,3411731.23876953,9398.62345261731
1031,Graben,3376,3376,BE,2,976,0,1,0,392,255.10204,0,9896044.5703125,15191.1348154535,4567345.9206543,10323.3557762479
1032,Walliswil b. Wangen,3377,3377,BE,2,991,0,0,0,587,0,0,6560730.54248047,12740.8046542389,3027282.546875,8655.76068764478
1033,Wangen a. A. Kaserne,3380,3380,BE,2,992,0,2,0,2594,77.101,0,14657184.859375,31181.4998294333,6761799.88061523,21186.7880668103
1034,Burgdorf 1,3400,3400,BE,2,404,0,26,0,15779,164.77597,0,33519938.0727539,42872.9147692586,15565742.170166,29214.4676510656
1035,Heimiswil,3412,3412,BE,2,407,0,0,0,978,0,0,23142714.9736328,23480.7549405635,10748657.6955566,16000.2466926843
1036,Kaltacker,3413,3413,BE,2,407,0,0,0,578,0,0,21962700.1352539,32520.4518737176,10191637.1740723,22150.8856012405
1037,Oberburg,3414,3414,BE,2,418,0,3,0,3969,75.58579,0,32446015.7568359,38998.6342835394,15087181.3310547,26599.9629408155
1038,Hasle-Rüegsau,3415,3415,BE,2,406,0,6,0,4416,135.86957,0,25458641.6943359,29569.7772814143,11843791.5476074,20166.1190444331
1039,Affoltern im Emmental,3416,3416,BE,2,951,0,1,0,606,165.0165,0,16515080.9077148,23745.3904374905,7665533.59716797,16175.1836978302
1040,Rüegsau,3417,3417,BE,2,956,0,0,0,483,0,0,8707325.75976563,15670.8394427542,4047746.18823242,10688.9997859908
1041,Rüegsbach,3418,3418,BE,2,956,0,0,0,730,0,0,21246465.5058594,25116.8477101331,9869651.92749023,17119.7215246119
1042,Biembach im Emmental,3419,3419,BE,2,406,0,0,0,517,0,0,17588009.6210938,20476.237194704,8186301.23583984,13973.2791331148
1043,Lyssach,3421,3421,BE,2,415,0,1,0,1835,54.49591,0,18679127.6274414,22301.9424513639,8672093.15356445,15195.7757936728
1044,Rüdtligen,3422,3422,BE,2,420,0,8,0,7675,104.23453,0,22658980.7358398,35193.9017880769,10510998.1345215,23970.3697395402
1045,Ersigen,3423,3423,BE,2,405,0,1,0,1690,59.1716,0,18786397.1352539,24091.3536877699,8710406.51269531,16407.5737447776
1046,Niederösch,3424,3424,BE,2,405,0,0,0,364,0,0,14092126.0288086,20506.0052588908,6530095.44287109,13962.5770884535
1047,Willadingen,3425,3425,BE,2,423,0,2,0,2298,87.0322,0,19531048.3066406,19393.7844728319,9041916.24462891,13193.5125412244
1048,Aefligen,3426,3426,BE,2,401,0,1,0,1144,87.41259,0,4425475.00439453,10929.7717695284,2051988.96337891,7441.84896608697
1049,Utzenstorf,3427,3427,BE,2,552,0,7,0,4387,159.56234,0,36643274.5131836,33892.1603607897,16973037.432373,23056.0395964364
1050,Wiler b. Utzenstorf,3428,3428,BE,2,554,0,0,0,924,0,0,8082766.19140625,13898.3692814674,3739908.66210938,9451.2469123253
1051,Höchstetten-Hellsau,3429,3429,BE,2,410,0,1,0,486,205.76132,0,8960102.50292969,15355.9313036731,4147292.7746582,10447.5478690908
1052,Lützelflüh-Goldbach,3432,3432,BE,2,955,0,4,0,3127,127.91813,0,30996684.0629883,32814.6988315333,14423442.0102539,22381.849200287
1053,Schwanden im Emmental,3433,3433,BE,2,905,0,0,0,575,0,0,14204737.4975586,21232.7700159589,6615499.06689453,14486.9095279941
1054,Obergoldbach,3434,3434,BE,2,613,0,0,0,687,0,0,23320775.5610352,22831.7133336399,10869933.6967773,15587.2004482627
1055,Ramsei,3435,3435,BE,2,955,0,1,0,258,387.5969,0,3187190.43847656,9332.51189486694,1483141.18994141,6370.62077287475
1056,Zollbrück,3436,3436,BE,2,905,0,4,0,2624,152.43902,0,26925497.9316406,32532.1538635593,12541215.9140625,22196.8005649637
1057,Rüderswil,3437,3437,BE,2,905,0,5,0,618,809.06149,0,11728791.4311523,20073.2520817488,5461440.71533203,13696.8889341548
1058,Lauperswil,3438,3438,BE,2,903,0,0,0,616,0,0,13012713.5698242,17496.2461249634,6064262.39208984,11944.9022308161
1059,Ranflüh,3439,3439,BE,2,905,0,0,0,570,0,0,11697947.4160156,16893.5910853981,5445549.99462891,11525.5436543348
1060,Grünenmatt,3452,3452,BE,2,955,0,0,0,861,0,0,15432882.6645508,27750.3816417955,7177617.13500977,18922.9648799576
1061,Heimisbach,3453,3453,BE,2,958,0,0,0,963,0,0,31519361.6762695,28827.0712962704,14662344.3955078,19664.01516499
1062,Sumiswald,3454,3454,BE,2,957,0,1,0,2586,38.66976,0,31033176.7216797,34737.814853261,14420841.4284668,23684.6910256105
1063,Grünen,3455,3455,BE,2,957,0,1,0,632,158.22785,0,4068385.39501953,12559.0560767117,1891626.72363281,8564.72999683519
1064,Trachselwald,3456,3456,BE,2,958,0,1,0,153,653.59477,0,2687675.63720703,9342.44276199233,1249968.4440918,6371.05131773321
1065,Wasen im Emmental,3457,3457,BE,2,957,0,0,0,1944,0,0,90634157.4931641,48796.9505185111,42130364.1176758,33273.5262017298
1066,Weier im Emmental,3462,3462,BE,2,951,0,1,0,512,195.3125,0,11222059.2651367,21481.1444384935,5210443.19189453,14641.8132279043
1067,Häusernmoos im Emmental,3463,3463,BE,2,951,0,0,0,351,0,0,9815288.23583984,16066.8187790082,4553792.2956543,10944.9661812069
1068,Schmidigen-Mühleweg,3464,3464,BE,2,959,0,0,0,369,0,0,10875272.203125,15612.6839342433,5043063.58886719,10631.7584676894
1069,Dürrenroth,3465,3465,BE,2,952,0,0,0,891,0,0,22727082.1601563,24360.7752898488,10544623.0539551,16595.8891232549
1070,Wynigen,3472,3472,BE,2,424,0,5,0,1739,287.52156,0,45499088.690918,44379.8789636003,21094163.2729492,30218.2266482936
1071,Alchenstorf,3473,3473,BE,2,402,0,0,0,583,0,0,14312997.7832031,18856.0002983619,6629594.83911133,12836.2333513161
1072,Rüedisbach,3474,3474,BE,2,424,0,0,0,414,0,0,16466457.3891602,19739.0539122346,7628859.4453125,13434.1340899769
1073,Riedtwil,3475,3475,BE,2,988,0,1,0,391,255.75448,0,10419198.0742188,18010.5468619097,4822528.18530273,12250.8998993161
1074,Oschwand,3476,3476,BE,2,988,0,0,0,442,0,0,21770476.8129883,24821.9387330644,10079194.5383301,16886.2667135053
1075,Gysenstein,3503,3503,BE,2,612,0,1,0,435,229.88506,0,11916902.2734375,17775.5736853543,5567410.52709961,12148.4782747579
1076,Niederhünigen,3504,3504,BE,2,617,0,0,0,991,0,0,22802564.9194336,24908.0532519604,10661502.6201172,17034.292857322
1077,Grosshöchstetten,3506,3506,BE,2,608,0,8,0,3570,224.08964,0,9488893.84082031,16222.8913550327,4430902.0637207,11086.5134378533
1078,Biglen,3507,3507,BE,2,603,0,2,0,1974,101.31712,0,10349468.2963867,15290.1837438882,4828810.94213867,10442.5999272229
1079,Arni BE,3508,3508,BE,2,602,0,0,0,865,0,0,21075033.1191406,26333.9975902604,9830847.56420898,17989.3860092615
1080,Konolfingen,3510,3510,BE,2,612,2,13,0.153846153846154,5620,231.31673,35.58719,28942318.2294922,36417.794203586,13532471.0515137,24902.5313670563
1081,Walkringen,3512,3512,BE,2,626,0,0,0,1258,0,0,18068768.3808594,23747.5370532372,8424092.94604492,16218.6955317536
1082,Bigenthal,3513,3513,BE,2,626,0,0,0,634,0,0,18794691.4418945,23997.7622427488,8755057.90722656,16384.0423917943
1083,Oberthal,3531,3531,BE,2,620,0,1,0,657,152.207,0,19680866.0214844,26397.4379274567,9186048.59130859,18036.0340646966
1084,Mirchel,3532,3532,BE,2,615,0,1,0,2194,45.57885,0,16675556.15625,22270.5408463742,7790317.12524414,15220.7529404567
1085,Bowil,3533,3533,BE,2,605,0,1,0,1277,78.30854,0,28908452.3823242,33945.4948185984,13507909.6296387,23200.1262129478
1086,Signau,3534,3534,BE,2,907,0,1,0,1844,54.22993,0,33937126.699707,29559.0482370616,15845902.2348633,20197.7243713859
1087,Schüpbach,3535,3535,BE,2,907,0,0,0,1073,0,0,15344011.1762695,21505.833008796,7159045.87084961,14687.7483814352
1088,Aeschau,3536,3536,BE,2,901,0,0,0,543,0,0,17572762.6289063,24169.8066371929,8206510.38598633,16517.0826885004
1089,Eggiwil,3537,3537,BE,2,901,0,4,0,1927,207.57654,0,104894010.399902,60121.418430737,49063438.2727051,41116.1635766952
1090,Röthenbach im Emmental,3538,3538,BE,2,904,0,1,0,900,111.11111,0,45034189.7856445,38048.3261225389,21067498.9667969,26022.3945321481
1091,Emmenmatt,3543,3543,BE,2,903,0,2,0,506,395.25692,0,13561052.3388672,19818.3734157261,6323608.83178711,13535.3281391975
1092,Langnau im Emmental,3550,3550,BE,2,902,0,13,0,7448,174.5435,0,33401662.996582,36770.2344013422,15581772.5388184,25113.147972118
1093,Oberfrittenbach,3551,3551,BE,2,902,0,1,0,357,280.11204,0,13863516.5698242,23658.2990808535,6457428.31079102,16139.2028119085
1094,Bärau,3552,3552,BE,2,902,0,1,0,1213,82.44023,0,18759722.2724609,25977.1893243361,8749174.23364258,17739.2457710674
1095,Gohl,3553,3553,BE,2,902,0,0,0,546,0,0,39821646.953125,34634.9434663343,18547089.3054199,23635.7574736717
1096,Trubschachen,3555,3555,BE,2,909,0,3,0,1734,173.01038,0,54636814.1518555,52113.7279734751,25509808.9194336,35614.6316578294
1097,Trub,3556,3556,BE,2,908,0,1,0,857,116.68611,0,72058586.3930664,46817.5932027135,33575785.567627,31957.2062449017
1098,Fankhaus (Trub),3557,3557,BE,2,908,0,0,0,328,0,0,41410361.9990234,31839.9788335301,19282606.6125488,21723.4501371177
1099,Thun,3600,3600,BE,2,942,0,34,0,17118,198.62133,0,13900626.0913086,20152.2326742584,6527496.68530273,13809.9291021239
1100,Thun,3603,3600,BE,2,942,0,6,0,3019,198.74131,0,2790653.85986328,8792.94865350723,1310100.32006836,6022.95251815559
1101,Thun,3604,3600,BE,2,942,0,22,0,15185,144.87982,0,6351070.8671875,13531.4633396438,2984019.34570313,9274.79551023687
1102,Thun,3608,3600,BE,2,942,0,5,0,2525,198.0198,0,8400954.10351563,15266.617610395,3947395.57763672,10459.2807264284
1103,Steffisburg,3612,3612,BE,2,939,0,16,0,10672,149.92504,0,22429259.3461914,26688.2410837557,10521819.2119141,18281.8013267928
1104,Steffisburg,3613,3613,BE,2,939,1,7,0.142857142857143,5349,130.86558,18.69508,4889940.69042969,11846.8665877832,2294881.64428711,8114.60934427899
1105,Unterlangenegg,3614,3614,BE,2,945,0,3,0,778,385.60411,0,11139401.675293,16236.408419865,5222429.79614258,11119.0674257799
1106,Heimenschwand,3615,3615,BE,2,923,0,1,0,1553,64.3915,0,32515972.8955078,34476.902757359,15231848.7714844,23607.2016734616
1107,Schwarzenegg,3616,3616,BE,2,935,0,0,0,703,0,0,21821455.5795898,24771.6681859342,10230079.7814941,16963.8964978957
1108,Fahrni b. Thun,3617,3617,BE,2,925,0,3,0,866,346.42032,0,16167129.8481445,19546.6705740679,7579863.49804688,13389.3442654093
1109,Süderen,3618,3618,BE,2,946,0,0,0,646,0,0,43371508.6894531,36821.2755518653,20318004.6269531,25210.9519165771
1110,Eriz,3619,3619,BE,2,924,0,0,0,580,0,0,78187740.3925781,49419.1329363821,36681520.3569336,33859.6001903885
1111,Homberg b. Thun,3622,3622,BE,2,931,0,1,0,511,195.69472,0,13838502.7006836,17502.2722022843,6493291.66113281,11990.1686564371
1112,Horrenbach,3623,3623,BE,2,932,0,2,0,442,452.48869,0,22570939.7763672,26810.1156624545,10592063.9035645,18365.8044986485
1113,Schwendibach,3624,3624,BE,2,939,0,1,0,1456,68.68132,0,9529986.39697266,16421.6974713196,4473637.97460938,11254.5816934502
1114,Heiligenschwendi,3625,3625,BE,2,927,0,1,0,719,139.08206,0,12003279.7294922,18199.0769842587,5637245.91577148,12475.8488838416
1115,Hünibach,3626,3626,BE,2,929,0,11,0,2855,385.28897,0,3460121.28515625,9027.32988777232,1625273.05810547,6187.11102697786
1116,Heimberg,3627,3627,BE,2,928,0,3,0,6363,47.14757,0,10993527.675293,19858.5542439751,5154907.11767578,13594.0550035301
1117,Uttigen,3628,3628,BE,2,885,0,6,0,2079,288.60029,0,8024094.68994141,13718.8023997762,3762462.52929688,9395.26698529192
1118,Kiesen,3629,3629,BE,2,611,0,2,0,1953,102.40655,0,20133753.1640625,22689.2696456488,9433549.29370117,15526.4247532862
1119,Höfen b. Thun,3631,3631,BE,2,770,0,0,0,476,0,0,9891330.53320313,19897.7539510694,4650407.47119141,13650.8650134243
1120,Oberstocken,3632,3632,BE,2,770,0,3,0,589,509.33786,0,20363682.3574219,20761.6226867036,9580658.60253906,14244.305032412
1121,Amsoldingen,3633,3633,BE,2,921,0,2,0,853,234.46659,0,10490643.1064453,16904.1413350707,4931588.94116211,11588.9606480249
1122,Thierachern,3634,3634,BE,2,941,0,0,0,2419,0,0,15390524.6318359,21004.8795349866,7228080.0300293,14392.6952918123
1123,Uebeschi,3635,3635,BE,2,943,0,0,0,687,0,0,9363664.06445313,14819.7862165669,4399595.47607422,10160.1636296558
1124,Längenbühl,3636,3636,BE,2,948,0,0,0,765,0,0,9327828.03857422,16955.9009815079,4379356.61962891,11614.4964750529
1125,Blumenstein,3638,3638,BE,2,922,0,1,0,1554,64.35006,0,53843247.1293945,34870.486893999,25313888.3237305,23916.0135281419
1126,Zwieselberg,3645,3645,BE,2,947,0,6,0,4796,125.10425,0,15006799.0048828,19567.8750387536,7056503.64160156,13416.7468958053
1127,Einigen,3646,3646,BE,2,768,0,1,0,1218,82.10181,0,5929664.39697266,13220.6216493951,2789483.45068359,9065.19524858923
1128,Reutigen,3647,3647,BE,2,767,0,0,0,1038,0,0,23997901.8066406,23444.6064679086,11295122.8547363,16085.7650809963
1129,Hilterfingen,3652,3652,BE,2,929,0,5,0,1803,277.31559,0,4024472.05761719,9646.09272330479,1890831.73925781,6612.2536508912
1130,Oberhofen am Thunersee,3653,3653,BE,2,934,0,2,0,2390,83.68201,0,6432067.87402344,13135.1915759673,3022885.3269043,9003.15119248109
1131,Gunten,3654,3654,BE,2,938,0,6,0,967,620.4757,0,3090722.43066406,11806.2078460451,1453522.90844727,8099.4346464796
1132,Sigriswil,3655,3655,BE,2,938,0,2,0,1497,133.60053,0,15851291.7294922,16896.8309419705,7453448.73120117,11591.6997843489
1133,Ringoldswil,3656,3656,BE,2,938,0,0,0,950,0,0,9925591.56347656,19345.7982049035,4665109.79345703,13262.0760390516
1134,Schwanden (Sigriswil),3657,3657,BE,2,938,0,1,0,650,153.84615,0,70363499.7431641,42734.0663039892,33054856.2275391,29289.5001475788
1135,Merligen,3658,3658,BE,2,938,0,0,0,917,0,0,15574604.6035156,25314.4614311207,7327598.78833008,17367.9096611756
1136,Uetendorf Zustellung,3661,3661,BE,2,944,0,9,0,5923,151.95003,0,21706160.5419922,22113.1126137696,10185474.6196289,15147.8004322533
1137,Seftigen,3662,3662,BE,2,883,0,3,0,2117,141.70997,0,8289607.15820313,12219.5641570385,3887581.76416016,8369.415665143
1138,Gurzelen,3663,3663,BE,2,867,0,0,0,850,0,0,9989243.01171875,17762.9319652006,4687340.94213867,12167.4918647605
1139,Burgistein,3664,3664,BE,2,863,0,3,0,1147,261.55187,0,16081728.6572266,18355.2885732758,7541444.67773438,12571.0154799726
1140,Wattenwil,3665,3665,BE,2,886,0,5,0,3032,164.90765,0,31048886.84375,27368.5090830882,14577781.3881836,18750.3953601781
1141,Brenzikofen,3671,3671,BE,2,606,0,2,0,1075,186.04651,0,10564500.5092773,18852.9417917048,4948734.765625,12901.4994189458
1142,Oberdiessbach,3672,3672,BE,2,619,0,13,0,3186,408.03515,0,27765357.3149414,27586.9008093399,12997870.1135254,18876.8316398194
1143,Linden,3673,3673,BE,2,614,0,0,0,1380,0,0,30327707.3842773,29004.4895937514,14191629.3186035,19845.2048534101
1144,Bleiken b. Oberdiessbach,3674,3674,BE,2,619,0,0,0,411,0,0,7682730.00341797,14782.6536292031,3599475.91455078,10118.0121013722
1145,Spiez,3700,3700,BE,2,768,0,17,0,9044,187.96992,0,21588008.7553711,33815.1841353641,10163542.0976563,23205.3320503201
1146,Hondrich,3702,3702,BE,2,768,0,1,0,710,140.84507,0,2826974.76171875,7004.30055607715,1331620.71166992,4806.86640486338
1147,Aeschiried,3703,3703,BE,2,562,0,0,0,2035,0,0,58626705.7651367,55448.0838983884,27667706.4448242,38094.9975125265
1148,Krattigen,3704,3704,BE,2,566,0,1,0,1158,86.35579,0,13366518.0566406,20733.8909070706,6300988.20068359,14236.3918656314
1149,Faulensee,3705,3705,BE,2,768,0,1,0,1181,84.67401,0,6244648.64599609,14522.9735582129,2941468.67822266,9969.63505949571
1150,Leissigen,3706,3706,BE,2,585,0,5,0,1136,440.14085,0,23501073.3505859,23248.1585898436,11081757.1633301,15964.7778618924
1151,Därligen,3707,3707,BE,2,575,0,0,0,451,0,0,15413347.4316406,18691.2406105662,7264976.42700195,12831.9101290705
1152,Emdthal,3711,3711,BE,2,562,0,0,0,352,0,0,12155955,23962.1974340048,5731465.84960938,16455.5175360488
1153,Reichenbach im Kandertal,3713,3713,BE,2,567,0,2,0,2466,81.103,0,33848783.1914063,37218.3313728964,15975620.8364258,25568.1100503609
1154,Frutigen,3714,3714,BE,2,563,0,7,0,6645,105.34236,0,87646082.3100586,54546.3064533817,41400261.1762695,37491.9227474403
1155,Adelboden Zustellung,3715,3715,BE,2,561,0,2,0,3519,56.83433,0,185675013.519531,59594.6870807456,88101057.03125,41046.2014268901
1156,Kandergrund,3716,3716,BE,2,564,0,0,0,715,0,0,28953158.3056641,24366.0199260065,13698576.6435547,16760.7329242745
1157,Blausee-Mitholz,3717,3717,BE,2,564,0,0,0,166,0,0,39004709.7280273,31890.2819763723,18472411.166748,21952.6108783183
1158,Kandersteg,3718,3718,BE,2,565,0,0,0,1322,0,0,282788849.711426,87297.4090004928,134201617.092773,60157.1194397711
1159,Scharnachtal,3722,3722,BE,2,567,0,0,0,588,0,0,17425063.722168,20118.4965858737,8225001.70141602,13826.4153412134
1160,Kiental,3723,3723,BE,2,567,0,0,0,292,0,0,185560826.677734,68913.1897371277,87779909.9882813,47390.8390937099
1161,Ried (Frutigen),3724,3724,BE,2,563,0,1,0,278,359.71223,0,28577106.7919922,25977.954557441,13516429.0246582,17871.9756143036
1162,Achseten,3725,3725,BE,2,563,0,0,0,466,0,0,60063116.1557617,38345.2162434367,28441244.5007324,26393.4427138276
1163,Wimmis,3752,3752,BE,2,769,0,3,0,2538,118.20331,0,46664729.4858398,29424.5304539866,21989004.7290039,20195.6233933485
1164,Oey,3753,3753,BE,2,762,0,0,0,810,0,0,22227930.7216797,21389.2365866187,10479439.7670898,14688.0749587277
1165,Diemtigen,3754,3754,BE,2,762,0,0,0,475,0,0,10460122.5395508,15677.8359827777,4931725.8605957,10765.6481646327
1166,Horboden,3755,3755,BE,2,762,0,0,0,551,0,0,76651779.1367188,45986.7973093736,36196587.717041,31593.5076420838
1167,Zwischenflüh,3756,3756,BE,2,762,0,1,0,244,409.83607,0,59615991.3256836,45528.7359698416,28153241.3278809,31291.4075234021
1168,Schwenden im Diemtigtal,3757,3757,BE,2,762,0,0,0,275,0,0,105883392.469727,51416.8215542504,50088020.4501953,35366.7305748571
1169,Latterbach,3758,3758,BE,2,763,0,0,0,570,0,0,12211201.1210938,17502.4791718878,5751878.57324219,12017.5336338237
1170,Erlenbach im Simmental,3762,3762,BE,2,763,1,3,0.333333333333333,1207,248.55012,82.85004,65725260.3422852,48919.7888420001,30974156.4299316,33589.1221259873
1171,Därstetten,3763,3763,BE,2,761,0,1,0,449,222.71715,0,27794211.2363281,35358.4235966469,13087801.4189453,24264.6412025421
1172,Weissenburg,3764,3764,BE,2,761,0,0,0,494,0,0,43097980.6240234,48430.6261349707,20305060.6921387,33238.493553953
1173,Oberwil im Simmental,3765,3765,BE,2,766,0,0,0,785,0,0,96635812.3779297,61655.7424316238,45545661.9177246,42326.0429572442
1174,Boltigen,3766,3766,BE,2,791,0,1,0,1349,74.12898,0,160618239.810059,84373.2982949312,75843214.8706055,57966.3072666504
1175,Zweisimmen,3770,3770,BE,2,794,0,2,0,2531,79.02015,0,100818681.575195,77345.9071222408,47689252.3168945,53196.2977181155
1176,Blankenburg,3771,3771,BE,2,794,0,0,0,363,0,0,21123294.0175781,23826.4680635259,9999027.51660156,16400.488865926
1177,St. Stephan,3772,3772,BE,2,793,0,0,0,850,0,0,65117911.5234375,47141.6092058714,30872006.7468262,32454.992034699
1178,Matten (St. Stephan),3773,3773,BE,2,793,0,1,0,554,180.50542,0,63124012.1367188,44295.2901987115,29911150.7875977,30504.7356501373
1179,Lenk im Simmental,3775,3775,BE,2,792,0,3,0,2495,120.24048,0,258930250.626465,89917.667902997,123079593.553711,61998.6354369311
1180,Oeschseite,3776,3776,BE,2,794,0,0,0,221,0,0,31958385.7036133,45621.8282481697,15131860.7939453,31386.8920169282
1181,Saanenmöser,3777,3777,BE,2,843,0,0,0,348,0,0,26918048.5830078,33620.3242017777,12752552.001709,23145.0101854126
1182,Schönried,3778,3778,BE,2,843,0,0,0,1060,0,0,36715239.8798828,42263.371538732,17391659.9880371,29086.8420631514
1183,Gstaad,3780,3780,BE,2,843,0,0,0,3034,0,0,35125766.8388672,33352.9353231933,16668718.5830078,22976.6396704637
1184,Turbach,3781,3781,BE,2,843,0,0,0,253,0,0,54683785.7260742,31701.9973996251,25957200.9384766,21837.9747227333
1185,Lauenen b. Gstaad,3782,3782,BE,2,842,0,4,0,874,457.6659,0,122988495.345703,51979.1803017103,58519240.2636719,35846.6470937445
1186,Grund b. Gstaad,3783,3783,BE,2,843,0,1,0,447,223.71365,0,46251492.9213867,34627.740100859,21975028.166748,23879.0697906814
1187,Feutersoey,3784,3784,BE,2,841,0,1,0,496,201.6129,0,57552752.4394531,38855.7558931216,27377881.5759277,26800.9626274371
1188,Gsteig b. Gstaad,3785,3785,BE,2,841,0,0,0,534,0,0,73553499.4350586,44634.5076337642,35034774.3747559,30802.0430609611
1189,Saanen,3792,3792,BE,2,843,0,2,0,1882,106.26993,0,38750077.230957,32117.8281434969,18383887.3486328,22118.7610126486
1190,Interlaken,3800,3800,BE,2,581,0,11,0,15533,70.81697,0,53331498.105957,56641.2736429519,25104601.6157227,38865.7752088195
1191,Jungfraujoch,3801,3801,VS,23,6058,0,0,0,0,0,0,1257194.70996094,5409.40851841276,594915.824951172,3725.08602342785
1192,Beatenberg,3803,3803,BE,2,571,0,0,0,1161,0,0,57840519.1323242,47449.4576531041,27199518.6052246,32537.7456821641
1193,Habkern,3804,3804,BE,2,579,0,0,0,651,0,0,108717927.875488,49324.4107736069,51052914.8842773,33801.879098183
1194,Goldswil b. Interlaken,3805,3805,BE,2,590,0,0,0,847,0,0,5160899.73828125,9887.38932972627,2428382.81469727,6782.93332438831
1195,Bönigen b. Interlaken,3806,3806,BE,2,572,0,5,0,2466,202.7575,0,33080987.2055664,29664.7361363582,15577458.246582,20360.6059611368
1196,Iseltwald,3807,3807,BE,2,582,0,0,0,444,0,0,49724958.4990234,37867.9929048623,23397050.9609375,25979.2906486559
1197,Wilderswil,3812,3812,BE,2,594,0,1,0,2698,37.06449,0,33198289.8867188,45250.2439697036,15650781.4624023,31070.9970429026
1198,Saxeten,3813,3813,BE,2,591,0,0,0,99,0,0,40394214.3286133,26659.3541362219,19060052.4211426,18308.2974437492
1199,Gsteigwiler,3814,3814,BE,2,577,0,0,0,399,0,0,14842546.7353516,17261.2247698734,6996448.26831055,11846.2156175719
1200,Zweilütschinen,3815,3815,BE,2,578,0,1,0,346,289.01734,0,35128346.3041992,38529.4624177932,16558527.5249023,26450.759382594
1201,Lütschental,3816,3816,BE,2,586,0,0,0,399,0,0,37793366.7109375,29813.9015859289,17822549.0241699,20472.5050477735
1202,Grindelwald,3818,3818,BE,2,576,0,3,0,3790,79.15567,0,351380015.762695,99612.8958600367,165838708.994141,68449.1743136657
1203,Lauterbrunnen,3822,3822,BE,2,584,0,2,0,825,242.42424,0,61898941.1044922,54491.5954426849,29237906.0327148,37442.2556190724
1204,Kleine Scheidegg,3823,3823,BE,2,576,0,1,0,895,111.73184,0,72794728.3232422,43785.194014019,34411402.9868164,30099.768468449
1205,Stechelberg,3824,3824,BE,2,584,0,0,0,226,0,0,120977449.543945,58050.1010809871,57315326.1550293,39961.2014861006
1206,Mürren,3825,3825,BE,2,584,0,0,0,339,0,0,31787081.7333984,26554.4328022486,15025555.0148926,18251.4969462609
1207,Gimmelwald,3826,3826,BE,2,584,0,0,0,104,0,0,60583501.4780273,30964.0823199853,28678244.4934082,21307.6124705038
1208,Ringgenberg BE,3852,3852,BE,2,590,0,0,0,1696,0,0,14525629.5917969,18372.1472209959,6832153.83862305,12603.2118045327
1209,Niederried b. Interlaken,3853,3853,BE,2,588,0,1,0,363,275.48209,0,9296521.98242188,12962.515624553,4370383.35888672,8887.06232153337
1210,Oberried am Brienzersee,3854,3854,BE,2,589,0,0,0,434,0,0,43089629.9995117,35771.9302791614,20233334.2529297,24509.6981550936
1211,Schwanden b. Brienz,3855,3855,BE,2,592,0,1,0,3785,26.42008,0,120171919.293457,82205.6055628134,56469317.8337402,56359.5561651488
1212,Brienzwiler,3856,3856,BE,2,574,0,0,0,476,0,0,16362483.4970703,16371.5086801799,7682562.58081055,11216.8630417985
1213,Unterbach BE,3857,3857,BE,2,785,0,0,0,320,0,0,15758639.6196289,21535.2966105771,7404864.12695313,14772.0445718734
1214,Hofstetten b. Brienz,3858,3858,BE,2,580,0,0,0,514,0,0,18794958.3383789,20838.650699119,8822068.8371582,14268.5236021984
1215,Rosenlaui,3860,3860,BE,2,786,0,9,0,4946,181.96522,0,158576100.841797,76977.4170129169,74603504.4768066,52800.4754671228
1216,Innertkirchen,3862,3862,BE,2,784,0,4,0,900,444.44444,0,254872281.88916,124589.895975664,120054443.205078,85487.3988951855
1217,Gadmen,3863,3863,BE,2,784,0,0,0,224,0,0,248252900.553223,78606.868027563,116765644.244141,53911.8264792991
1218,Guttannen,3864,3864,BE,2,782,0,1,0,271,369.00369,0,425185539.607422,113510.077385278,200835059.976074,78014.6476154906
1219,Brig Postauto Oberwallis,3900,3900,VS,23,6002,0,2,0,4607,43.4122,0,71764834.7207031,53343.9931162339,34287539.0874023,36875.8203362249
1220,Rothwald,3901,3901,VS,23,6008,0,0,0,3,0,0,63999441.7275391,43689.4404329816,30587142.9790039,30211.8224342598
1221,Glis,3902,3902,VS,23,6002,0,0,0,8581,0,0,8242383.45703125,12465.7447336864,3934650.98950195,8618.11859255801
1222,Birgisch,3903,3903,VS,23,6007,0,0,0,844,0,0,96034525.7597656,52511.296455496,45777458.0002441,36241.2834141977
1223,Naters,3904,3904,VS,23,6007,1,2,0.5,8961,22.31894,11.15947,21264765.5195313,27286.6892757308,10140980.8249512,18849.707792339
1224,Saas-Almagell,3905,3905,VS,23,6288,0,0,0,381,0,0,228822434.527832,68404.9224685939,110257832.939453,47478.0963233589
1225,Saas-Fee,3906,3906,VS,23,6290,0,0,0,1600,0,0,84334287.2045898,39439.7490401402,40584044.8032227,27354.8232925758
1226,Gabi (Simplon),3907,3907,VS,23,6009,0,0,0,405,0,0,368667652.841309,85145.9909781491,176802643.500732,58942.5596657496
1227,Saas-Balen,3908,3908,VS,23,6289,0,0,0,416,0,0,62823591.796875,42687.8617663287,30162672.2866211,29589.9431319211
1228,Saas-Grund,3910,3910,VS,23,6291,0,0,0,909,0,0,51324343.0786133,31146.0099985863,24657107.3552246,21588.4214754406
1229,Ried-Brig,3911,3911,VS,23,6008,0,0,0,2090,0,0,35650246.4150391,33406.9151723478,17022057.65625,23092.5810352975
1230,Termen,3912,3912,VS,23,6010,0,0,0,911,0,0,20828483.159668,25257.7094531846,9935164.57739258,17454.1425138495
1231,Rosswald,3913,3913,VS,23,6010,0,0,0,20,0,0,18255326.4145508,20989.4748955418,8713737.81884766,14506.5935897943
1232,Blatten b. Naters,3914,3914,VS,23,6007,0,0,0,285,0,0,191597144.088867,61528.3704347393,91104804.2346191,42432.6359312061
1233,Ferden,3916,3916,VS,23,6195,0,0,0,248,0,0,57778832.4042969,43735.5266762167,27501821.0463867,30175.070097053
1234,Goppenstein,3917,3917,VS,23,6195,0,0,0,340,0,0,25445341.4697266,33487.7136682087,12108311.1469727,23098.6250804316
1235,Wiler (Lötschen),3918,3918,VS,23,6202,0,1,0,576,173.61111,0,30780574.8208008,29646.9557846148,14640833.3110352,20444.3626419281
1236,Blatten (Lötschen),3919,3919,VS,23,6192,0,0,0,294,0,0,191066691.807617,61623.3159083154,90755879.9074707,42480.1065010804
1237,Zermatt,3920,3920,VS,23,6300,0,3,0,5778,51.92108,0,503013937.648926,116751.597701601,242945292.177979,81157.7679333134
1238,Eisten,3922,3922,VS,23,6282,0,1,0,1390,71.94245,0,101523805.296875,83525.3307729692,48674617.4528809,57832.2269004131
1239,Törbel,3923,3923,VS,23,6296,0,0,0,496,0,0,36683325.9038086,29058.1689741238,17554563.8994141,20101.5147091299
1240,St. Niklaus VS,3924,3924,VS,23,6292,0,0,0,1894,0,0,122205972.857422,56846.5114054451,58639135.5422363,39382.62159217
1241,Grächen,3925,3925,VS,23,6285,0,0,0,1270,0,0,29914075.9726563,21823.7976174367,14339036.9460449,15108.1381376262
1242,Embd,3926,3926,VS,23,6283,0,0,0,226,0,0,27448301.1030273,28491.5508347574,13147271.9458008,19725.1714560434
1243,Herbriggen,3927,3927,VS,23,6292,0,0,0,365,0,0,63500166.0664063,35696.0652768464,30505314.3647461,24753.1894683268
1244,Randa,3928,3928,VS,23,6287,0,1,0,436,229.3578,0,113484278.043945,55988.8019601527,54596093.1733398,38852.9115410785
1245,Täsch,3929,3929,VS,23,6295,0,0,0,1323,0,0,121629473.306641,61225.586491194,58606802.6499023,42520.7603606348
1246,Visp,3930,3930,VS,23,6297,0,3,0,8037,37.32736,0,28721230.1328125,34351.5890656614,13719876.2216797,23750.0117801963
1247,Lalden,3931,3931,VS,23,6286,0,0,0,652,0,0,2776536.73046875,9334.93452625528,1325825.26660156,6456.23125873245
1248,Visperterminen,3932,3932,VS,23,6298,0,2,0,1281,156.12802,0,106757071.169922,56319.3546380727,51086622.9887695,38952.8441772483
1249,Staldenried,3933,3933,VS,23,6294,0,0,0,540,0,0,29981530.722168,26015.7960661915,14360251.5437012,18006.735904033
1250,Zeneggen,3934,3934,VS,23,6299,0,0,0,309,0,0,15773397.2929688,18289.3697539736,7539501.13085938,12645.2957736533
1251,Bürchen,3935,3935,VS,23,6193,0,0,0,759,0,0,28183434.8979492,29323.6119966232,13473283.0874023,20270.6182882
1252,Baltschieder,3937,3937,VS,23,6281,0,0,0,1334,0,0,65707140.3139648,48918.7628182087,31289600.5422363,33764.9315725947
1253,Ausserberg,3938,3938,VS,23,6191,0,1,0,637,156.98587,0,31211210.5786133,23600.2136503355,14889402.6433105,16299.274424826
1254,Eggerberg,3939,3939,VS,23,6004,0,0,0,339,0,0,12410681.1083984,18370.3574650486,5922974.83276367,12687.0403704391
1255,Steg VS,3940,3940,VS,23,6204,0,1,0,1321,75.70023,0,15582690.2773438,30103.8177643255,7430415.03295898,20785.4911057435
1256,Niedergesteln,3942,3942,VS,23,6198,0,1,0,2642,37.85011,0,100419667.397461,60100.5105896313,47881405.6159668,41503.8737262829
1257,Eischoll,3943,3943,VS,23,6194,0,0,0,447,0,0,28496072.0141602,23866.734819694,13616753.5976563,16499.0561833583
1258,Unterbäch VS,3944,3944,VS,23,6201,0,1,0,461,216.91974,0,45829884.6000977,34965.7208488153,21922359.8410645,24169.3786793945
1259,Niedergampel,3945,3945,VS,23,6118,0,0,0,1954,0,0,40723877.7480469,41801.821156046,19420970.6557617,28870.9196444391
1260,Turtmann,3946,3946,VS,23,6119,0,0,0,972,0,0,21486585.1669922,53937.1824640486,10269178.5029297,37276.1275024673
1261,Ergisch,3947,3947,VS,23,6104,0,0,0,204,0,0,62837131.4511719,43759.9071602676,30060258.1560059,30256.0962169056
1262,Oberems,3948,3948,VS,23,6112,0,0,0,300,0,0,171690478.291016,86864.1472214812,82306109.0219727,60099.1030023682
1263,Hohtenn,3949,3949,VS,23,6204,0,0,0,191,0,0,14370971.503418,15712.9284065803,6854780.93554688,10848.803365819
1264,Agarn,3951,3951,VS,23,6101,0,0,0,716,0,0,16074686.8193359,26736.2338778572,7684208.31616211,18472.7079945098
1265,Susten,3952,3952,VS,23,6110,0,0,0,2626,0,0,73355288.0693359,38895.6582710875,35045571.7338867,26885.3998414045
1266,Inden,3953,3953,VS,23,6109,0,0,0,1858,0,0,62560978.496582,59404.179760488,29829347.0632324,41020.441969227
1267,Leukerbad,3954,3954,VS,23,6111,0,0,0,1386,0,0,141501356.757324,63366.1829592056,67318325.5178223,43722.1182859717
1268,Albinen,3955,3955,VS,23,6102,0,0,0,250,0,0,32638953.2792969,24242.4717907763,15555251.8352051,16734.1281425725
1269,Guttet-Feschel,3956,3956,VS,23,6117,0,0,0,419,0,0,21960482.9106445,32662.9150188676,10467786.2788086,22540.4109857436
1270,Erschmatt,3957,3957,VS,23,6110,0,0,0,386,0,0,34306282.2758789,33795.2287656385,16356455.9914551,23327.7702086362
1271,Sierre,3960,3960,VS,23,6248,0,1,0,14957,6.68583,0,35921851.7314453,50640.0376533721,17162796.8381348,35008.185818873
1272,Chandolin,3961,3961,VS,23,6252,0,0,0,2758,0,0,500364678.418457,110253.026714324,240262565.723633,76364.7121374185
1273,Crans-Montana 1,3963,3963,VS,23,6253,0,1,0,7186,13.91595,0,96776157.7436523,62287.1647430556,46145850.8820801,43011.3830793166
1274,Chippis,3965,3965,VS,23,6235,0,0,0,1627,0,0,5243914.44238281,14481.8615052683,2506466.03466797,10016.40970564
1275,Chalais,3966,3966,VS,23,6232,0,0,0,2946,0,0,16104702.7036133,21561.2296752261,7700284.41162109,14912.1721402913
1276,Vercorin,3967,3967,VS,23,6232,0,0,0,667,0,0,39181067.8056641,25205.2629746256,18749027.407959,17431.7111584821
1277,Veyras,3968,3968,VS,23,6250,0,0,0,1702,0,0,3025146.65673828,10488.2035009185,1444399.86328125,7246.40781765146
1278,Salgesch,3970,3970,VS,23,6113,0,0,0,1547,0,0,24034593.4648438,29698.7316288821,11471503.3806152,20508.1966914032
1279,Chermignon-d'en-Bas,3971,3971,VS,23,6253,0,0,0,1828,0,0,7111662.18212891,14164.3789743192,3398091.30688477,9792.07737238008
1280,Miège,3972,3972,VS,23,6241,0,1,0,1310,76.33588,0,18663188.7744141,26255.2209666778,8901171.07836914,18129.5106445348
1281,Venthône,3973,3973,VS,23,6249,0,0,0,1361,0,0,5429727.14794922,15480.2107112876,2592301.89794922,10697.4865867177
1282,Mollens VS,3974,3974,VS,23,6253,0,0,0,863,0,0,10117811.9223633,20874.2433247199,4827734.31298828,14418.7182776069
1283,Randogne,3975,3975,VS,23,6253,0,0,0,1856,0,0,5148913.48974609,13332.5531323344,2457787.88696289,9212.03301201431
1284,Noës,3976,3976,VS,23,6248,0,0,0,903,0,0,2154191.80371094,7306.22922188633,1029534.79272461,5049.59677726223
1285,Granges VS,3977,3977,VS,23,6248,0,1,0,1942,51.49331,0,10572349.9091797,19287.220806903,5055497.83007813,13344.5789848013
1286,Flanthey,3978,3978,VS,23,6240,0,0,0,903,0,0,7531897.83447266,13724.8969592267,3600627.24194336,9494.1304085237
1287,Grône,3979,3979,VS,23,6238,0,0,0,2461,0,0,44515602.4101563,35543.9722841237,21309298.3349609,24597.7046062435
1288,Bitsch,3982,3982,VS,23,6173,0,0,0,997,0,0,6985107.75195313,12865.954858188,3330400.28613281,8881.08983870194
1289,Bister,3983,3983,VS,23,6172,0,0,0,781,0,0,34485886.5004883,28205.7291215419,16437063.9335938,19472.8475505125
1290,Fiesch,3984,3984,VS,23,6057,0,0,0,1281,0,0,387060094.035156,106883.605378118,183514706.827148,73614.8523645943
1291,Münster VS,3985,3985,VS,23,6077,0,0,0,431,0,0,102468157.889648,59108.0856316541,48587138.9152832,40709.3724343094
1292,Ried-Mörel,3986,3986,VS,23,6181,0,0,0,207,0,0,5208726.18554688,10770.0588834687,2482330.50073242,7432.70283046974
1293,Riederalp,3987,3987,VS,23,6181,0,0,0,232,0,0,36352335.8510742,30625.6235906903,17307512.1953125,21124.0434174799
1294,Ulrichen,3988,3988,VS,23,6076,0,0,0,460,0,0,124149399.923828,73957.9408596067,58866393.2453613,50932.7950866711
1295,Selkingen,3989,3989,VS,23,6077,0,0,0,349,0,0,82316868.1162109,46940.6465406517,39087356.2021484,32334.2825645994
1296,Betten,3991,3991,VS,23,6205,0,0,0,123,0,0,6207482.359375,11868.4067020122,2955685.0480957,8192.56101935255
1297,Bettmeralp,3992,3992,VS,23,6205,0,0,0,332,0,0,48714827.1289063,49785.216815152,23149835.5769043,34319.471232215
1298,Grengiols,3993,3993,VS,23,6177,0,0,0,435,0,0,122560917.859863,54177.156367095,58439666.371582,37410.2200999238
1299,Martisberg,3994,3994,VS,23,6205,0,0,0,349,0,0,16672126.1972656,19130.7680060077,7932964.86035156,13193.394853213
1300,Ernen,3995,3995,VS,23,6056,0,0,0,514,0,0,74547541.3647461,52722.8678300196,35467090.5432129,36376.2880984335
1301,Binn,3996,3996,VS,23,6054,0,0,0,156,0,0,136541393.630371,60808.9993188295,65039351.9570313,41977.0465613862
1302,Bellwald,3997,3997,VS,23,6052,0,0,0,389,0,0,29034802.1621094,31838.4941794334,13791375.4453125,21935.6320988797
1303,Reckingen VS,3998,3998,VS,23,6077,0,2,0,470,425.53191,0,88109431.5126953,52961.472263308,41831124.3366699,36482.7045406094
1304,Oberwald,3999,3999,VS,23,6076,0,0,0,222,0,0,205186485.369141,79906.9627213148,97058462.7797852,54938.5805980462
1305,Basel,4001,4000,BS,12,2701,0,0,0,262,0,0,116434.748046875,1770.40190840551,53067.3759765625,1194.81638466003
1306,Basel,4031,4000,BS,12,2701,0,0,0,746,0,0,212278,2540.84209146539,96728.6928710938,1715.08534409851
1307,Basel,4051,4000,BS,12,2701,0,4,0,8806,45.42357,0,3384130.89111328,11854.9351902275,1542507.89624023,8004.73293084498
1308,Basel,4052,4000,BS,12,2701,0,4,0,21346,18.73887,0,9636044.93359375,18486.640897742,4393551.40478516,12481.0186588109
1309,Basel,4053,4000,BS,12,2701,0,8,0,19587,40.84342,0,4158547.45068359,15391.0455570003,1896478.60400391,10394.0229800315
1310,Basel,4054,4000,BS,12,2701,0,9,0,18304,49.16958,0,4178869.56787109,11543.5940508604,1905053.60864258,7795.25328997145
1311,Basel,4055,4000,BS,12,2701,0,4,0,22190,18.02614,0,3798447.17480469,12828.366689668,1730786.71484375,8657.40165510747
1312,Basel,4056,4000,BS,12,2701,0,4,0,19056,20.99076,0,5317256.44726563,13578.8597500052,2422258.20483398,9164.75458625791
1313,Basel,4057,4000,BS,12,2701,0,3,0,27662,10.8452,0,7739828.27294922,15284.8304107066,3524826.58374023,10314.2539265643
1314,Basel,4058,4000,BS,12,2701,0,10,0,24890,40.17678,0,10795602.4941406,16906.2885402838,4918488.6574707,11415.6497636677
1315,Basel,4059,4000,BS,12,2701,0,8,0,7365,108.62186,0,4448732.75195313,11475.3055077901,2029524.86230469,7747.66486835235
1316,Bruderholz,4101,4101,BL,13,2765,0,1,0,23,4347.82609,0,193957.422363281,1841.06334321534,88493.3093261719,1244.27082430964
1317,Binningen,4102,4102,BL,13,2765,0,5,0,16914,29.56131,0,9625991.00585938,12938.2932183935,4390443.53710938,8741.28291989666
1318,Bottmingen,4103,4103,BL,13,2767,0,1,0,6624,15.09662,0,6525755.02294922,13268.1683435684,2978088.47045898,8963.56401805202
1319,Oberwil BL,4104,4104,BL,13,2771,0,1,0,11498,8.69716,0,17351375.8388672,19825.3469285779,7919897.58837891,13398.8269510384
1320,Biel-Benken BL,4105,4105,BL,13,2764,0,8,0,3404,235.01763,0,8901500.86865234,15291.7369335714,4064425.90991211,10331.2439842274
1321,Therwil,4106,4106,BL,13,2775,0,2,0,9891,20.2204,0,16369645.9487305,20616.9333501017,7477291.94116211,13940.7284345599
1322,Ettingen,4107,4107,BL,13,2768,0,2,0,5227,38.26287,0,13839529.0488281,15777.4574244903,6327011.94995117,10665.8362030231
1323,Witterswil,4108,4108,SO,11,2481,0,0,0,1412,0,0,5674122.02148438,9746.6837331091,2592796.84790039,6586.7941081671
1324,Bättwil,4112,4112,SO,11,2471,0,0,0,2272,0,0,6318994.37646484,18061.7455060615,2887346.77172852,12207.3447741806
1325,Hofstetten SO,4114,4114,SO,11,2476,0,0,0,2090,0,0,13968304.5205078,15722.1157357232,6386916.81225586,10631.9202335949
1326,Mariastein,4115,4115,SO,11,2477,0,0,0,202,0,0,3334684.79492188,10644.6837529664,1524454.29370117,7197.68332400784
1327,Metzerlen,4116,4116,SO,11,2477,0,0,0,750,0,0,15242255.050293,19573.4917762507,6971141.66259766,13237.7350667326
1328,Burg im Leimental,4117,4117,BL,13,2783,0,0,0,269,0,0,6180696.15917969,11290.2703128967,2827982.54614258,7639.45241145833
1329,Rodersdorf,4118,4118,SO,11,2479,0,0,0,1319,0,0,11790290.1040039,16250.0279450081,5388158.24731445,10985.9168226187
1330,Allschwil Dorf,4123,4123,BL,13,2762,0,10,0,21728,46.02356,0,19444068.7011719,21176.8297376317,8865762.59350586,14298.5491091374
1331,Schönenbuch,4124,4124,BL,13,2774,0,0,0,1388,0,0,2981630.40722656,7116.54737795043,1359998.62280273,4805.4549812138
1332,Riehen,4125,4125,BS,12,2703,1,45,0.0222222222222222,21364,210.63471,4.68077,23709222.6884766,28280.781403479,10796625.1520996,19085.9443115584
1333,Bettingen,4126,4126,BS,12,2702,0,0,0,1161,0,0,4926113.97998047,14827.5189685155,2243994.98535156,10006.7689059846
1334,Birsfelden,4127,4127,BL,13,2766,0,0,0,10332,0,0,7527902.78222656,18716.4487406277,3431686.34887695,12636.7899413938
1335,Muttenz,4132,4132,BL,13,2770,0,2,0,17342,11.5327,0,32985954.0087891,26883.2762911357,15052561.1052246,18154.0198286781
1336,Pratteln,4133,4133,BL,13,2831,0,3,0,16697,17.9673,0,24972704.7490234,27007.7171863463,11397666.1738281,18245.5246830606
1337,Münchenstein,4142,4142,BL,13,2769,0,4,0,11705,34.17343,0,14473989.9091797,22452.5941108123,6606530.4128418,15170.3558073491
1338,Dornach,4143,4143,SO,11,2473,1,3,0.333333333333333,7035,42.64392,14.21464,12585550.5205078,15272.5833800933,5753306.63916016,10327.7400517547
1339,Arlesheim,4144,4144,BL,13,2763,1,2,0.5,8653,23.11337,11.55669,15155538.609375,17345.1451695685,6923227.98779297,11727.7083923564
1340,Gempen,4145,4145,SO,11,2474,0,0,0,877,0,0,13119120.0273438,20071.0343710282,5996775.01342773,13572.0467172646
1341,Hochwald,4146,4146,SO,11,2475,0,3,0,1324,226.5861,0,18373578.0522461,18953.1506708539,8406174.96459961,12821.3500791071
1342,Aesch BL,4147,4147,BL,13,2761,0,1,0,10474,9.54745,0,16934437.9716797,26305.5925053398,7742253.20703125,17784.6330658268
1343,Pfeffingen,4148,4148,BL,13,2772,0,0,0,2395,0,0,9928752.54638672,19955.1304137914,4542129.60058594,13497.8928345868
1344,Reinach BL,4153,4153,BL,13,2773,0,16,0,19324,82.79859,0,15670683.6601563,24279.2877555065,7158012.0690918,16409.7037709328
1345,Duggingen,4202,4202,BL,13,2785,0,0,0,1608,0,0,12764685.6757813,17927.6770008241,5840652.75024414,12122.174748513
1346,Grellingen,4203,4203,BL,13,2786,0,1,0,1828,54.7046,0,7212086.75927734,15078.2706040482,3301568.59179688,10205.4507451878
1347,Himmelried,4204,4204,SO,11,2618,0,0,0,931,0,0,15725033.9160156,20451.8510570077,7202919.83984375,13842.8925185312
1348,Seewen SO,4206,4206,SO,11,2480,0,1,0,1047,95.51098,0,33441171.2250977,24258.0517047226,15315811.9135742,16420.8569215627
1349,Bretzwil,4207,4207,BL,13,2883,0,0,0,770,0,0,16064575.0405273,17132.5004867541,7365914.72265625,11601.2359132771
1350,Nunningen,4208,4208,SO,11,2621,0,0,0,1895,0,0,21993643.793457,26310.0197974209,10083767.8210449,17813.5481147734
1351,Zwingen,4222,4222,BL,13,2793,0,2,0,2405,83.16008,0,10134325.2080078,15901.2517787615,4639878.2265625,10761.6631166235
1352,Blauen,4223,4223,BL,13,2781,0,0,0,696,0,0,15428890.9370117,19751.9405305007,7059292.45996094,13370.4508064057
1353,Nenzlingen,4224,4224,BL,13,2789,0,0,0,443,0,0,8062043.62939453,12419.742015162,3689213.265625,8401.49572550079
1354,Brislach,4225,4225,BL,13,2782,0,0,0,1625,0,0,19924081.9775391,25664.2502127681,9125469.79516602,17378.1752957119
1355,Breitenbach,4226,4226,SO,11,2613,0,0,0,3779,0,0,11455232.4086914,15907.9441224054,5250428.30151367,10776.3305825141
1356,Büsserach,4227,4227,SO,11,2614,0,1,0,2366,42.26543,0,16417757.0947266,17353.2588621815,7529736.41918945,11758.6640497373
1357,Erschwil,4228,4228,SO,11,2615,0,0,0,930,0,0,15877787.972168,19428.2887345179,7286893.85546875,13164.7887579842
1358,Beinwil SO,4229,4229,SO,11,2612,0,0,0,320,0,0,46909115.6533203,42660.0997478354,21539293.8137207,28914.0195547837
1359,Fehren,4232,4232,SO,11,2616,0,0,0,624,0,0,6699980.640625,12430.509793978,3071299.13647461,8415.0311954533
1360,Meltingen,4233,4233,SO,11,2620,0,0,0,676,0,0,12968745.6191406,19196.1491244515,5950073.8425293,13003.8213482378
1361,Zullwil,4234,4234,SO,11,2622,0,1,0,673,148.58841,0,7709055.05126953,14564.9743908408,3535811.5012207,9858.72795709669
1362,Laufen Zustellung,4242,4242,BL,13,2787,0,0,0,5642,0,0,25425327.1342773,36260.5583516686,11651665.1347656,24552.7636674563
1363,Dittingen,4243,4243,BL,13,2784,0,0,0,723,0,0,14721236.4858398,18309.5196143779,6738497.13476563,12389.1733109628
1364,Röschenz,4244,4244,BL,13,2791,0,0,0,1864,0,0,21903286.9555664,22382.76053342,10029151.8508301,15145.0104709392
1365,Kleinlützel,4245,4245,SO,11,2619,0,0,0,1279,0,0,35391099.2050781,25641.1874853467,16208733.8901367,17358.7553957587
1366,Wahlen b. Laufen,4246,4246,BL,13,2792,0,0,0,1461,0,0,11693019.0708008,14648.3354682484,5361019.16577148,9917.55488975493
1367,Grindel,4247,4247,SO,11,2617,0,0,0,511,0,0,6794443.16210938,12324.5582399588,3117242.08349609,8349.75848874304
1368,Bärschwil,4252,4252,SO,11,2611,0,0,0,806,0,0,24474516.1484375,25476.7596050908,11226516.9682617,17256.8333510259
1369,Liesberg,4253,4253,BL,13,2788,0,0,0,431,0,0,15636197.7026367,26596.1822283496,7169735.14453125,18010.5071393289
1370,Liesberg Dorf,4254,4254,BL,13,2788,0,0,0,707,0,0,11532539.1123047,20078.1054477369,5285541.43530273,13603.1082404636
1371,Augst BL,4302,4302,BL,13,2822,0,0,0,1066,0,0,3621331.55664063,14612.0762283576,1651983.83935547,9873.13194947102
1372,Kaiseraugst,4303,4303,AG,19,4252,0,1,0,5398,18.52538,0,11214645.2514648,17228.5502336867,5115203.56005859,11641.820118861
1373,Giebenach,4304,4304,BL,13,2826,0,1,0,1064,93.98496,0,2942173.64697266,9023.97147845557,1342615.1184082,6097.10581704488
1374,Olsberg,4305,4305,AG,19,4257,0,0,0,354,0,0,9293128.21679688,22537.6586825255,4240296.67016602,15223.5892071691
1375,Rheinfelden SPI Logistics A,4310,4310,AG,19,4258,0,5,0,13553,36.8922,0,25666958.8837891,27918.7796305224,11701347.5317383,18856.5213102604
1376,Magden,4312,4312,AG,19,4253,0,0,0,3905,0,0,24987645.7573242,26134.2432206578,11404302.1984863,17654.0432173912
1377,Möhlin,4313,4313,AG,19,4254,0,2,0,10981,18.21328,0,50412263.5649414,36665.3508407551,22968446.9501953,24751.7313470938
1378,Zeiningen,4314,4314,AG,19,4263,0,0,0,2315,0,0,24690002.7197266,23038.1774306821,11258479.692627,15550.4012560147
1379,Zuzgen,4315,4315,AG,19,4264,0,0,0,868,0,0,18535730.0908203,21087.3009968968,8458173.40136719,14242.1330984972
1380,Hellikon,4316,4316,AG,19,4251,0,0,0,796,0,0,15017476.8496094,18089.012149402,6856695.47729492,12224.1548277123
1381,Wegenstetten,4317,4317,AG,19,4262,0,0,0,1068,0,0,15632209.1704102,17335.6372430181,7141395.78564453,11718.5305735048
1382,Mumpf,4322,4322,AG,19,4255,0,0,0,1501,0,0,6981407.44677734,14760.4842694291,3183278.39672852,9970.22473394547
1383,Wallbach,4323,4323,AG,19,4261,0,1,0,1907,52.43838,0,10025353.5454102,15096.4592875297,4567251.91040039,10185.5279964335
1384,Obermumpf,4324,4324,AG,19,4256,0,0,0,1065,0,0,11028000.0131836,16314.9796717254,5031192.65380859,11018.8352886928
1385,Schupfart,4325,4325,AG,19,4259,0,0,0,805,0,0,15521979.8071289,19540.261050599,7085861.01635742,13201.3167233229
1386,Stein AG,4332,4332,AG,19,4260,0,0,0,3163,0,0,6120966.96728516,12636.0303623904,2790897.89038086,8530.59886919113
1387,Münchwilen AG,4333,4333,AG,19,4172,0,0,0,935,0,0,5438110.53076172,12028.7453034786,2480261.34619141,8120.70730845364
1388,Sisseln AG,4334,4334,AG,19,4177,0,0,0,1601,0,0,5672063.37792969,13100.988012186,2585604.86279297,8851.44712616872
1389,Frenkendorf,4402,4402,BL,13,2824,0,1,0,6548,15.27184,0,10073094.3305664,23038.6198120305,4600531.34228516,15569.8565648368
1390,Liestal Dist Ba,4410,4410,BL,13,2829,0,4,0,14393,27.79129,0,39432205.6733398,38328.9930252414,18019965.4003906,25921.2466249867
1391,Seltisberg,4411,4411,BL,13,2833,0,0,0,1305,0,0,7650728.04199219,11621.9701728573,3499331.83178711,7862.42720926567
1392,Nuglar,4412,4412,SO,11,2478,0,0,0,1150,0,0,12720040.8803711,21109.8219412326,5815757.59228516,14272.1363144084
1393,Büren SO,4413,4413,SO,11,2472,0,1,0,1057,94.60738,0,13529623.9663086,17212.7702976844,6191515.61254883,11640.6885218725
1394,Füllinsdorf,4414,4414,BL,13,2825,0,3,0,4251,70.57163,0,10030996.6494141,16734.2662606931,4579577.36987305,11303.5115894608
1395,Lausen,4415,4415,BL,13,2828,0,1,0,5132,19.48558,0,12242709.2363281,17665.5198915094,5597818.10864258,11943.2254412952
1396,Bubendorf Zustellung,4416,4416,BL,13,2823,0,2,0,4367,45.79803,0,23671944.5693359,23042.878102092,10833799.3083496,15585.2819404028
1397,Ziefen,4417,4417,BL,13,2834,0,1,0,1597,62.61741,0,17078176.3232422,17890.5111875358,7820974.52319336,12106.065866567
1398,Reigoldswil,4418,4418,BL,13,2893,0,0,0,1599,0,0,21063702.9042969,25680.5445999098,9658503.53515625,17391.1716312202
1399,Lupsingen,4419,4419,BL,13,2830,0,2,0,1424,140.44944,0,6816788.5234375,12641.4095797789,3119704.32202148,8550.76700086326
1400,St. Pantaleon,4421,4421,SO,11,2478,0,0,0,332,0,0,1126018.88183594,5835.37100235452,515083.185058594,3944.4248332228
1401,Arisdorf,4422,4422,BL,13,2821,0,0,0,1659,0,0,22133425.3364258,22061.1998511779,10105519.9606934,14906.3392143233
1402,Hersberg,4423,4423,BL,13,2827,0,0,0,319,0,0,3698616.56689453,12260.6568081806,1689786.65698242,8288.47669873762
1403,Arboldswil,4424,4424,BL,13,2881,0,0,0,578,0,0,7746674.75585938,14563.6551374816,3549502.22412109,9858.98817879681
1404,Titterten,4425,4425,BL,13,2894,0,0,0,405,0,0,8010544.10205078,12402.3882940206,3672125.34570313,8399.51695326837
1405,Lauwil,4426,4426,BL,13,2889,0,0,0,326,0,0,15607299.4165039,21219.9454987269,7160316.73950195,14375.2633512154
1406,Bennwil,4431,4431,BL,13,2882,0,0,0,674,0,0,14177833.0551758,18704.4152259067,6500685.74536133,12659.4574526858
1407,Lampenberg,4432,4432,BL,13,2887,0,0,0,496,0,0,8657781.66943359,12577.3893175823,3965151.39428711,8510.207124256
1408,Ramlinsburg,4433,4433,BL,13,2832,0,0,0,714,0,0,4928115.00732422,10306.3712351781,2255046.81420898,6972.02995473252
1409,Hölstein,4434,4434,BL,13,2886,0,0,0,2520,0,0,13093191.6835938,19068.20012423,5996739.52539063,12901.4448254712
1410,Niederdorf,4435,4435,BL,13,2891,0,0,0,1760,0,0,10184060.0825195,24466.673094695,4667060.13452148,16560.7071750824
1411,Oberdorf BL,4436,4436,BL,13,2892,0,0,0,2585,0,0,17102444.9008789,29839.1465132451,7842995.58813477,20212.6042573902
1412,Waldenburg,4437,4437,BL,13,2895,0,0,0,1092,0,0,16877563.5410156,23707.1789504407,7744114.78491211,16072.5007442051
1413,Langenbruck,4438,4438,BL,13,2888,0,0,0,974,0,0,37965397.7861328,31893.9645597101,17432766.6796875,21619.0084909973
1414,Thürnen,4441,4441,BL,13,2864,0,0,0,1348,0,0,4857773.40283203,10231.3479806344,2222622.53588867,6919.47823218627
1415,Diepflingen,4442,4442,BL,13,2845,0,0,0,757,0,0,3181700.17138672,7544.28155917488,1456195.67431641,5104.6035466206
1416,Wittinsburg,4443,4443,BL,13,2867,0,0,0,449,0,0,6449234.74707031,12084.2950905391,2953336.26000977,8175.13563028692
1417,Rümlingen,4444,4444,BL,13,2859,0,0,0,416,0,0,5765472.25146484,11742.8421586444,2640400.93505859,7945.8850032333
1418,Häfelfingen,4445,4445,BL,13,2847,0,0,0,229,0,0,8132429.54199219,16083.2620940317,3726439.30908203,10884.6764186948
1419,Buckten,4446,4446,BL,13,2843,0,0,0,695,0,0,4364461.72167969,11050.2415914827,2000012.29003906,7480.19377381357
1420,Känerkinden,4447,4447,BL,13,2850,0,0,0,533,0,0,3337750.95556641,9265.40129106693,1529524.90063477,6271.06185782444
1421,Läufelfingen,4448,4448,BL,13,2852,0,0,0,1343,0,0,17979718.8232422,27129.8635297786,8244636.03808594,18373.5631141016
1422,Sissach Postgasse,4450,4450,BL,13,2861,0,1,0,6698,14.92983,0,19536841.9746094,26147.881056898,8932482.9206543,17681.4076268999
1423,Wintersingen,4451,4451,BL,13,2866,0,0,0,625,0,0,15293238.5732422,16439.8403121289,6985962.0925293,11109.6867663136
1424,Itingen,4452,4452,BL,13,2849,0,1,0,2136,46.81648,0,6636855.86523438,13165.3293688515,3035289.46972656,8898.07334624586
1425,Nusshof,4453,4453,BL,13,2854,0,0,0,266,0,0,3752376.44091797,10389.9284498654,1714376.65307617,7023.90540718458
1426,Zunzgen,4455,4455,BL,13,2869,0,0,0,2566,0,0,14999939.7241211,18684.1103842736,6865099.37670898,12640.6873818404
1427,Tenniken,4456,4456,BL,13,2863,0,0,0,886,0,0,10285922.5351563,16270.3396109326,4709820.47070313,11011.1205630331
1428,Diegten,4457,4457,BL,13,2884,0,0,0,1622,0,0,20902886.9555664,26932.2404835944,9579592.5480957,18233.6340838493
1429,Eptingen,4458,4458,BL,13,2885,0,0,0,538,0,0,24448490.9814453,20526.4787947757,11216919.5427246,13905.7553412573
1430,Gelterkinden,4460,4460,BL,13,2846,0,0,0,6111,0,0,21211615.09375,22927.4245764547,9703691.25146484,15505.3091633005
1431,Böckten,4461,4461,BL,13,2842,0,0,0,872,0,0,5004070.29296875,9334.87834174338,2288304.16577148,6309.81207564459
1432,Rickenbach BL,4462,4462,BL,13,2857,0,0,0,614,0,0,6477053.86083984,11701.6146619071,2959908.11987305,7910.92457923134
1433,Buus,4463,4463,BL,13,2844,0,0,0,1055,0,0,19137673.8793945,22031.3725822163,8739268.49951172,14887.0025537713
1434,Maisprach,4464,4464,BL,13,2853,0,0,0,906,0,0,11204098.359375,15090.0760753378,5113009.32080078,10191.8029723161
1435,Hemmiken,4465,4465,BL,13,2848,0,0,0,275,0,0,7925071.02001953,12857.1048590174,3620962.46044922,8691.77495927262
1436,Ormalingen,4466,4466,BL,13,2856,0,0,0,2199,0,0,14850586.3500977,20011.0260967707,6789622.99316406,13527.1456608891
1437,Rothenfluh,4467,4467,BL,13,2858,0,0,0,760,0,0,23849938.59375,21296.9010586994,10905203.6582031,14399.6504237049
1438,Kienberg,4468,4468,SO,11,2492,0,0,0,523,0,0,18571664.3417969,20183.3122869579,8501196.62231445,13650.0169932336
1439,Anwil,4469,4469,BL,13,2841,0,0,0,564,0,0,8719421.81005859,12732.4351445301,3989486.0090332,8613.09005935227
1440,Tecknau,4492,4492,BL,13,2862,0,0,0,826,0,0,5172330.05273438,15474.3224365052,2367224.3046875,10468.4715391755
1441,Wenslingen,4493,4493,BL,13,2865,0,0,0,722,0,0,13028868.7773438,22187.2850632866,5963401.71459961,15012.4155558648
1442,Oltingen,4494,4494,BL,13,2855,0,0,0,476,0,0,15810113.7436523,22066.8469583856,7239950.40161133,14933.4287688127
1443,Zeglingen,4495,4495,BL,13,2868,0,0,0,531,0,0,17359929.4594727,19439.7185524297,7955042.37890625,13163.1867690781
1444,Kilchberg BL,4496,4496,BL,13,2851,0,0,0,160,0,0,3502341.34619141,10286.9817177962,1604104.26489258,6961.16939429397
1445,Rünenberg,4497,4497,BL,13,2860,0,0,0,762,0,0,10837573.824707,16332.8064518778,4962511.83007813,11050.1161751701
1446,Solothurn 1,4500,4500,SO,11,2601,0,8,0,17322,46.18404,0,18300611.0927734,23236.9075821386,8450916.7722168,15793.3499808627
1447,Bellach,4512,4512,SO,11,2542,0,1,0,5441,18.37897,0,10963939.0112305,19928.6077964094,5062038.0324707,13546.5272086157
1448,Langendorf,4513,4513,SO,11,2550,0,0,0,3602,0,0,4194210.42773438,10710.6078524001,1935703.05664063,7276.73743677908
1449,Lommiswil,4514,4514,SO,11,2551,0,0,0,1529,0,0,12415067.1835938,16423.7351152572,5728314.89355469,11156.22180606
1450,Weissenstein b. Solothurn,4515,4515,SO,11,2553,0,0,0,1728,0,0,24031749.3081055,27006.0185961516,11083272.4367676,18346.8417559767
1451,Rüttenen,4522,4522,SO,11,2555,0,0,0,1205,0,0,20260996.1679688,26336.9638842981,9344110.51806641,17886.9405752907
1452,Niederwil SO,4523,4523,SO,11,2554,0,0,0,440,0,0,4962670.49267578,12012.6954452846,2288186.73413086,8156.51703084293
1453,Oberbalmberg,4524,4524,SO,11,2541,0,0,0,1129,0,0,14043927.0512695,24904.4623474846,6471322.10668945,16911.3099813205
1454,Balm b. Günsberg,4525,4525,SO,11,2541,0,1,0,197,507.61421,0,8223350.1171875,18883.6093130283,3790061.18945313,12825.588543121
1455,Zuchwil,4528,4528,SO,11,2534,0,4,0,8577,46.63635,0,11236142.9824219,16118.4172720482,5188964.53881836,10951.8718969491
1456,Feldbrunnen,4532,4532,SO,11,2544,0,0,0,1000,0,0,5705362.46191406,13834.3848638058,2632785.65795898,9395.20791149344
1457,Riedholz,4533,4533,SO,11,2554,0,0,0,1928,0,0,10540032.6450195,17766.5336149579,4862491.84277344,12069.3937098486
1458,Flumenthal,4534,4534,SO,11,2545,0,0,0,992,0,0,6027809.67578125,12516.946929581,2780526.42260742,8502.42053867097
1459,Kammersrohr,4535,4535,SO,11,2549,0,0,0,768,0,0,4921277.87988281,11425.3910674999,2268856.4440918,7753.59106467614
1460,Attiswil,4536,4536,BE,2,971,0,2,0,1509,132.5381,0,17037905.6899414,24296.8442766994,7854186.4309082,16494.4676166005
1461,Wiedlisbach,4537,4537,BE,2,995,0,1,0,2312,43.2526,0,15519778.027832,26353.6120249458,7156144.89599609,17901.3785576085
1462,Oberbipp,4538,4538,BE,2,983,0,2,0,1762,113.50738,0,18526105.5244141,25374.6766590188,8539785.34863281,17227.843837992
1463,Farnern,4539,4539,BE,2,975,0,1,0,704,142.04545,0,19235625.5654297,25150.6523438526,8861515.60742188,17080.6044986807
1464,Luterbach,4542,4542,SO,11,2527,0,1,0,3424,29.20561,0,10956909.5888672,15071.0134666659,5057603.88061523,10239.0020870683
1465,Deitingen,4543,4543,SO,11,2516,0,0,0,2194,0,0,15889662.8007813,21749.291969722,7334407.49023438,14778.1050114604
1466,Derendingen,4552,4552,SO,11,2517,0,1,0,6451,15.50147,0,12345579.1098633,19153.9986374802,5703985.36621094,13013.7271960597
1467,Subingen,4553,4553,SO,11,2532,0,2,0,3123,64.04099,0,13706180.3891602,18252.3051023322,6330731.8293457,12407.4407235541
1468,Hüniken,4554,4554,SO,11,2524,0,0,0,1034,0,0,9418245.19287109,13625.7676409961,4352315.01171875,9261.40206994695
1469,Aeschi SO,4556,4556,SO,11,2511,0,1,0,1847,54.14185,0,16546274.0317383,29822.9415656657,7649137.33911133,20275.492461375
1470,Horriwil,4557,4557,SO,11,2523,0,0,0,850,0,0,5707538.49267578,12501.4221459838,2638184.12011719,8502.47072613913
1471,Winistorf,4558,4558,SO,11,2535,0,0,0,751,0,0,9796855.44140625,16959.9523691658,4531712.06860352,11537.158510884
1472,Biberist,4562,4562,SO,11,2513,0,2,0,8223,24.32202,0,21781338.6025391,32166.2348127717,10067072.2590332,21868.7119507216
1473,Gerlafingen,4563,4563,SO,11,2519,0,0,0,5075,0,0,4230201.57226563,10849.4964058305,1956027.42651367,7378.72356248308
1474,Obergerlafingen,4564,4564,SO,11,2528,0,1,0,1625,61.53846,0,7225674.33300781,18522.9891030272,3342542.47851563,12595.6273864345
1475,Recherswil,4565,4565,SO,11,2530,0,1,0,2003,49.92511,0,7381137.97167969,14602.1613562702,3414377.22387695,9933.94434165689
1476,Kriegstetten,4566,4566,SO,11,2525,0,0,0,3055,0,0,11544541.5268555,20672.466376015,5337452.56567383,14057.2210243053
1477,Lüterkofen,4571,4571,SO,11,2455,0,0,0,803,0,0,9625483.37744141,14962.7400903383,4452067.49902344,10180.3406938535
1478,Lohn-Ammannsegg,4573,4573,SO,11,2526,0,1,0,2825,35.39823,0,10396672.3120117,18834.5367383617,4807046.47753906,12805.7931905671
1479,Lüsslingen,4574,4574,SO,11,2464,0,0,0,1095,0,0,17249098.0571289,18397.6913447548,7971248.24267578,12506.6088825174
1480,Tscheppach,4576,4576,SO,11,2465,0,0,0,170,0,0,4018398.45361328,9170.52148452825,1859631.65893555,6239.17931862103
1481,Hessigkofen,4577,4577,SO,11,2465,0,0,0,277,0,0,4785876.70166016,12743.3058471284,2215599.04907227,8672.23695420338
1482,Bibern SO,4578,4578,SO,11,2465,0,0,0,242,0,0,6522842.70361328,11571.579705576,3018672.67333984,7873.79883386537
1483,Gossliwil,4579,4579,SO,11,2465,0,0,0,182,0,0,4150734.58789063,10136.1609283142,1921711.06738281,6897.42467651614
1484,Küttigkofen,4581,4581,SO,11,2465,0,0,0,287,0,0,4540495.61962891,9612.0983967687,2101003.88378906,6540.07075252178
1485,Brügglen,4582,4582,SO,11,2465,0,0,0,216,0,0,3790003.25976563,9816.14772150817,1754226.0546875,6678.30251851393
1486,Aetigkofen,4583,4583,SO,11,2465,0,0,0,577,0,0,11445456.8999023,18016.7497636007,5300436.2265625,12265.4174965281
1487,Gächliwil,4584,4584,SO,11,2456,0,0,0,323,0,0,6545521.77587891,14465.563842413,3032172.1184082,9847.07635532976
1488,Biezwil,4585,4585,SO,11,2445,0,0,0,329,0,0,8944196.44091797,12830.3509931401,4144771.35253906,8733.43140091835
1489,Kyburg-Buchegg,4586,4586,SO,11,2465,0,0,0,373,0,0,3425521.18115234,10256.7011546717,1585621.54956055,6977.39800580422
1490,Aetingen,4587,4587,SO,11,2465,0,0,0,255,0,0,5580097.41503906,11027.1955361783,2584193.02246094,7503.46930499427
1491,Unterramsern,4588,4588,SO,11,2463,0,0,0,427,0,0,7742160.04492188,15040.6475969878,3586995.2277832,10243.1601315057
1492,Olten,4600,4600,SO,11,2581,0,4,0,18415,21.72142,0,24359161.8642578,32215.1370610494,11190103.8588867,21828.7438762337
1493,Wangen b. Olten,4612,4612,SO,11,2586,0,0,0,5036,0,0,15223786.2197266,20554.3487105809,6994425.38183594,13928.6623442749
1494,Rickenbach SO,4613,4613,SO,11,2582,0,0,0,1168,0,0,5968418.74707031,15158.5989567167,2742181.72094727,10269.1276336152
1495,Hägendorf,4614,4614,SO,11,2579,0,1,0,5140,19.45525,0,28298439.9052734,26711.2326321491,13000348.1967773,18105.266280473
1496,Allerheiligenberg,4615,4615,SO,11,2579,0,0,0,4,0,0,169184.02734375,2613.98602803135,77706.1672363281,1773.14221995642
1497,Kappel SO,4616,4616,SO,11,2580,0,0,0,3200,0,0,11253432.1196289,16222.923027791,5174402.53442383,11003.2267766781
1498,Gunzgen,4617,4617,SO,11,2578,0,0,0,1640,0,0,7687398.39160156,13768.695572507,3535868.35009766,9333.4538940224
1499,Boningen,4618,4618,SO,11,2571,0,0,0,797,0,0,6059085.96435547,14630.0214587966,2787788.76464844,9923.58335548831
1500,Egerkingen,4622,4622,SO,11,2401,0,1,0,3707,26.97599,0,15287737.8383789,16123.1892618431,7028081.6184082,10933.0270370747
1501,Neuendorf,4623,4623,SO,11,2404,0,0,0,2229,0,0,15438683.699707,18058.4099848894,7105132.23486328,12248.3799873942
1502,Härkingen,4624,4624,SO,11,2402,0,1,0,1661,60.2047,0,12111894.1186523,15928.9365013592,5572532.88208008,10800.8301961518
1503,Oberbuchsiten,4625,4625,SO,11,2406,0,2,0,2288,87.41259,0,20379888.1489258,21086.55871239,9373909.59082031,14301.9916704621
1504,Niederbuchsiten,4626,4626,SO,11,2405,0,0,0,1176,0,0,11883327.6591797,14884.8802425551,5470662.46313477,10099.3223006004
1505,Wolfwil,4628,4628,SO,11,2408,0,1,0,2275,43.95604,0,14955442.8085938,19507.6667909898,6889693.33862305,13245.0093765294
1506,Fulenbach,4629,4629,SO,11,2575,0,0,0,1771,0,0,9700244.41650391,12693.3587201408,4467003.28979492,8612.4187422749
1507,Trimbach,4632,4632,SO,11,2500,0,1,0,6247,16.00768,0,15724287.2294922,26893.9293506343,7217222.89770508,18224.8354786697
1508,Hauenstein,4633,4633,SO,11,2491,0,0,0,328,0,0,11484550.4375,20899.8228540063,5270757.35449219,14164.4903492284
1509,Wisen SO,4634,4634,SO,11,2502,0,0,0,434,0,0,14267161.9438477,24573.5537415132,6542297.26904297,16645.3075932208
1510,Winznau,4652,4652,SO,11,2501,0,1,0,1907,52.43838,0,6922097.66992188,12815.1636347466,3177181.40917969,8682.03936937699
1511,Obergösgen,4653,4653,SO,11,2497,0,1,0,2106,47.48338,0,7884389.83007813,14131.7087971246,3619443.24462891,9574.96178257601
1512,Lostorf,4654,4654,SO,11,2493,0,3,0,3939,76.16146,0,28034565.2587891,31559.0681218628,12858605.3483887,21377.7792385035
1513,Rohr b. Olten,4655,4655,SO,11,2498,0,0,0,1171,0,0,18181524.5986328,21265.5948969987,8335495.40649414,14397.1362587358
1514,Starrkirch-Wil,4656,4656,SO,11,2584,0,1,0,1774,56.36979,0,4296598.75878906,12019.3711697717,1974049.37182617,8142.58080368451
1515,Dulliken,4657,4657,SO,11,2573,0,1,0,4956,20.17756,0,10477483.8671875,13794.6548311805,4812884.29492188,9349.92992973326
1516,Däniken SO,4658,4658,SO,11,2572,0,0,0,2895,0,0,14496013.9150391,21062.9590383601,6658438.60205078,14272.9601970393
1517,Aarburg,4663,4663,AG,19,4271,0,2,0,8252,24.23655,0,10457728.8432617,20241.8735823915,4808136.97485352,13724.7230360445
1518,Oftringen 2,4665,4665,AG,19,4280,0,1,0,13519,7.397,0,27266670.3364258,27425.2485899818,12541162.8615723,18604.0037900563
1519,Oensingen Zustellung,4702,4702,SO,11,2407,0,2,0,6075,32.92181,0,26182308.3847656,29260.568904755,12053659.7724609,19853.450190752
1520,Kestenholz,4703,4703,SO,11,2403,0,0,0,1802,0,0,18713153.5942383,19017.5830095396,8618833.83764648,12904.1033783371
1521,Niederbipp PL3,4704,4704,BE,2,981,0,0,0,5136,0,0,42772428.6547852,39070.8950575352,19706362.0554199,26523.8535420729
1522,Balsthal Zustellung,4710,4710,SO,11,2422,0,0,0,6108,0,0,34079799.0830078,31701.8965455632,15673909.5310059,21496.2341244548
1523,Laupersdorf,4712,4712,SO,11,2426,0,0,0,1818,0,0,31030550.5336914,26603.5985321686,14272375.0568848,18035.7142125381
1524,Matzendorf,4713,4713,SO,11,2427,0,0,0,1344,0,0,22494393.3242188,23309.5173212216,10350218.7280273,15807.8343111508
1525,Aedermannsdorf,4714,4714,SO,11,2421,0,0,0,575,0,0,18059185.5107422,23457.1536570301,8308407.31665039,15909.5375862549
1526,Herbetswil,4715,4715,SO,11,2424,0,0,0,538,0,0,31897349.9863281,30035.1703301997,14682424.5253906,20380.1655584161
1527,Welschenrohr,4716,4716,SO,11,2429,0,0,0,1222,0,0,58090842.4370117,53950.3806436116,26759594.4020996,36631.0212539539
1528,Mümliswil,4717,4717,SO,11,2428,0,0,0,2160,0,0,56083602.1000977,60685.6290676525,25764137.1201172,41161.4247309163
1529,Holderbank SO,4718,4718,SO,11,2425,0,0,0,718,0,0,16452393.3100586,19588.2926613063,7561562.65698242,13285.9128541392
1530,Ramiswil,4719,4719,SO,11,2428,0,0,0,333,0,0,33120664.7646484,44965.1384704713,15214749.8129883,30495.4145591766
1531,Zofingen Zustellung,4800,4800,AG,19,4289,0,2,0,10276,19.46283,0,18125997.9140625,21198.9679112999,8345127.84350586,14386.9240333954
1532,Strengelbach,4802,4802,AG,19,4285,0,1,0,5320,18.79699,0,14358184.1625977,17739.4077974747,6611340.30273438,12033.2466709496
1533,Vordemwald,4803,4803,AG,19,4287,0,0,0,1996,0,0,22775291.7148438,24774.9492909184,10492390.170166,16816.3420965309
1534,Brittnau,4805,4805,AG,19,4274,0,0,0,4112,0,0,28382557.7958984,24722.2080903856,13082891.7602539,16787.0408086703
1535,Wikon,4806,4806,LU,3,1147,0,0,0,1461,0,0,10760089.7382813,14897.226162102,4957691.37036133,10115.7605882877
1536,Mühlethal,4812,4812,AG,19,4289,0,0,0,929,0,0,5293092.24072266,10833.9576755825,2435794.60180664,7349.65217288511
1537,Uerkheim,4813,4813,AG,19,4286,0,0,0,1350,0,0,16402319.7373047,19018.2819934449,7546599.44995117,12902.4275769533
1538,Bottenwil,4814,4814,AG,19,4273,0,1,0,842,118.76485,0,11882390.109375,16636.515448794,5471007.41625977,11289.166671211
1539,Rothrist Bernstrasse,4852,4852,AG,19,4282,0,1,0,9094,10.99626,0,24760522.6235352,22021.2295607281,11394779.3132324,14942.6820570568
1540,Murgenthal,4853,4853,AG,19,4279,0,0,0,2285,0,0,16193855.9916992,27408.6281358098,7459526.16772461,18603.6199776636
1541,Glashütten,4856,4856,AG,19,4279,0,0,0,784,0,0,23822851.421875,21754.1253193275,10983462.6525879,14776.6421894095
1542,Langenthal,4900,4900,BE,2,329,0,9,0,15213,59.15993,0,31017376.8603516,27386.2088766026,14318111.9384766,18607.9071237915
1543,Schwarzhäusern,4911,4911,BE,2,341,0,0,0,514,0,0,8150712.09619141,13240.9107146228,3756940.09545898,8991.24161604547
1544,Aarwangen,4912,4912,BE,2,321,0,2,0,4512,44.32624,0,20851922.4741211,23275.4361607137,9618464.13891602,15809.0552080927
1545,Bannwil,4913,4913,BE,2,323,0,2,0,684,292.39766,0,10452715.5595703,16683.9107182937,4821045.3293457,11335.2427396816
1546,Roggwil BE,4914,4914,BE,2,337,0,3,0,4107,73.04602,0,17330837.6601563,20716.9224430578,7994010.68774414,14069.1327506587
1547,St. Urban,4915,4915,LU,3,1139,0,0,0,807,0,0,13976957.7294922,23185.3523136629,6450165.48242188,15747.8320801053
1548,Untersteckholz,4916,4916,BE,2,329,0,0,0,125,0,0,6210478.359375,14148.6874769853,2867814.58129883,9612.8281736619
1549,Melchnau,4917,4917,BE,2,333,0,1,0,1761,56.78592,0,27964475.2900391,29211.0346371028,12926419.5004883,19861.2739044696
1550,Reisiswil,4919,4919,BE,2,336,0,0,0,185,0,0,4379064.22070313,10978.0529020762,2025564.63232422,7466.69938001683
1551,Bützberg,4922,4922,BE,2,342,0,2,0,3435,58.22416,0,21531536.7226563,23644.7094871755,9942933.52075195,16064.1423066888
1552,Wynau,4923,4923,BE,2,345,0,0,0,1569,0,0,10733305.8032227,16429.385335438,4947233.40332031,11156.0289808037
1553,Obersteckholz,4924,4924,BE,2,334,0,0,0,470,0,0,8606471.84863281,14427.7702704122,3974978.75952148,9805.83687743762
1554,Lotzwil,4932,4932,BE,2,331,0,3,0,2796,107.29614,0,14875489.652832,20218.0603961926,6873542.6159668,13745.9036584227
1555,Rütschelen,4933,4933,BE,2,340,0,1,0,576,173.61111,0,8656266.95507813,14179.8427236748,4002521.45727539,9640.65389377544
1556,Madiswil,4934,4934,BE,2,332,0,6,0,2318,258.84383,0,32668611.2241211,30100.846602389,15110771.5910645,20474.4712367803
1557,Leimiswil,4935,4935,BE,2,332,0,1,0,400,250,0,9501725.06103516,18579.5481883897,4397112.90234375,12639.2775257921
1558,Kleindietwil,4936,4936,BE,2,332,0,0,0,529,0,0,6472733.56396484,14402.6962493051,2996135.80419922,9796.40156993701
1559,Ursenbach,4937,4937,BE,2,344,0,0,0,866,0,0,18587798.6875,28623.3314424532,8607936.48901367,19474.5932423749
1560,Rohrbach,4938,4938,BE,2,338,0,3,0,1942,154.47992,0,24162745.9072266,26101.6639324547,11193333.7734375,17761.6601581308
1561,Walterswil BE,4942,4942,BE,2,959,0,0,0,393,0,0,14556420.0263672,20062.2010290525,6746960.96508789,13656.5889484356
1562,Oeschenbach,4943,4943,BE,2,335,0,0,0,294,0,0,9238289.97216797,17150.5414365644,4281332.0925293,11673.6834335979
1563,Auswil,4944,4944,BE,2,322,0,1,0,426,234.74178,0,8735395.39501953,13872.9375697864,4044450.33007813,9438.99345354331
1564,Huttwil,4950,4950,BE,2,954,0,10,0,4592,217.77003,0,25769691.8120117,28061.2206571776,11942784.1660156,19105.4119163323
1565,Eriswil,4952,4952,BE,2,953,0,0,0,1494,0,0,26055592.965332,29167.6287121602,12092900.4907227,19868.3912824046
1566,Schwarzenbach (Huttwil),4953,4953,BE,2,954,0,0,0,345,0,0,11980821.152832,17612.7241918918,5553995.45117188,11989.143195727
1567,Wyssachen,4954,4954,BE,2,960,0,3,0,1187,252.73799,0,24258153.0014648,24336.6366292169,11257664.4709473,16576.7265005123
1568,Gondiswil,4955,4955,BE,2,326,0,1,0,776,128.86598,0,20299455.7060547,23958.7111072204,9395883.17602539,16296.5600796989
1569,Aarau,5000,5000,AG,19,4001,1,7,0.142857142857143,15732,44.4953,6.35647,19401458.7207031,27779.013466153,8898330.57836914,18811.4706509027
1570,Aarau Tellistrasse,5004,5004,AG,19,4001,0,0,0,2100,0,0,353366.617675781,3115.77666762838,161996.605224609,2109.85476634019
1571,Schönenwerd Zustellung,5012,5012,SO,11,2583,0,0,0,5381,0,0,12054323.605957,16723.1754085139,5531361.05517578,11322.2991368046
1572,Niedergösgen,5013,5013,SO,11,2495,0,0,0,3865,0,0,9266274.57568359,12760.2302820677,4252324.85302734,8643.64719217031
1573,Gretzenbach,5014,5014,SO,11,2576,0,0,0,2824,0,0,10265780.3320313,19779.7809824058,4714423.47045898,13402.4238087087
1574,Erlinsbach SO,5015,5015,SO,11,2503,0,0,0,3983,0,0,18519597.4140625,23906.9086400606,8490800.00341797,16186.6402569076
1575,Barmelweid,5017,5017,AG,19,4005,0,0,0,6,0,0,2787433.34130859,8620.26237955443,1276908.03637695,5836.59264792533
1576,Erlinsbach,5018,5018,AG,19,4005,0,0,0,3776,0,0,19671564.8886719,23416.9504611801,9013694.38232422,15851.7354102115
1577,Rombach,5022,5022,AG,19,4008,0,1,0,2258,44.28698,0,2698191.77539063,7946.02557548113,1236740.34472656,5382.93457898235
1578,Biberstein,5023,5023,AG,19,4002,0,1,0,1511,66.18134,0,9086919.21337891,12821.807990137,4162952.95336914,8681.35247509206
1579,Küttigen,5024,5024,AG,19,4008,0,1,0,3771,26.51816,0,23292824.6088867,22169.8492865836,10669727.1520996,15003.8975229311
1580,Asp,5025,5025,AG,19,4004,0,0,0,285,0,0,9707727.11914063,18416.5630867216,4443478.07202148,12465.7760810505
1581,Densbüren,5026,5026,AG,19,4004,0,0,0,462,0,0,17996365.9106445,21991.789237027,8232906.42431641,14881.6198843979
1582,Herznach,5027,5027,AG,19,4166,0,0,0,1585,0,0,13647369.8198242,22715.6784736511,6239707.76196289,15364.11538047
1583,Ueken,5028,5028,AG,19,4179,0,0,0,866,0,0,11119321.7036133,19562.2953710844,5081350.30761719,13226.8622610318
1584,Aarau Rohr,5032,5000,AG,19,4001,0,0,0,3734,0,0,6916413.74902344,11644.064596395,3170191.37451172,7886.62064240314
1585,Buchs AG,5033,5033,AG,19,4003,0,1,0,7597,13.16309,0,11523062.7241211,20574.3113202634,5283922.78271484,13940.3208688782
1586,Suhr,5034,5034,AG,19,4012,0,5,0,10447,47.86063,0,23026129.7856445,34803.2164264139,10566121.5373535,23579.2793660042
1587,Unterentfelden,5035,5035,AG,19,4013,0,2,0,3899,51.2952,0,6272249.01757813,13211.9671639916,2878910.18334961,8953.13325031005
1588,Oberentfelden Zustellung,5036,5036,AG,19,4010,0,1,0,8532,11.72058,0,15521254.9365234,19884.4390345169,7127856.18310547,13479.2257583499
1589,Muhen,5037,5037,AG,19,4009,0,1,0,3871,25.83312,0,15247003.1425781,16771.8321395832,7007498.84912109,11371.5674866883
1590,Schöftland,5040,5040,AG,19,4144,0,1,0,4430,22.57336,0,13415293.2915039,17414.8457557516,6172078.00878906,11815.3204094989
1591,Hirschthal,5042,5042,AG,19,4007,0,0,0,1558,0,0,7860917.08349609,13185.2226675794,3614959.91430664,8945.93897912423
1592,Holziken,5043,5043,AG,19,4136,0,0,0,1440,0,0,6102783.67724609,10358.6920408921,2806251.0324707,7021.71277062415
1593,Schlossrued,5044,5044,AG,19,4142,0,0,0,889,0,0,15784114.7124023,21383.7211372864,7265974.49780273,14508.2729619824
1594,Schmiedrued-Walde,5046,5046,AG,19,4143,0,0,0,1212,0,0,19124476.8300781,22689.4828506401,8812571.53637695,15402.9643304731
1595,Staffelbach,5053,5053,AG,19,4284,0,0,0,1297,0,0,19346774.347168,21311.6790414713,8908388.91552734,14461.7152924648
1596,Moosleerau,5054,5054,AG,19,4277,0,0,0,1781,0,0,17681323.1591797,20015.4342846392,8145120.20581055,13582.8386153964
1597,Attelwil,5056,5056,AG,19,4281,0,0,0,262,0,0,4859475.64501953,11591.9116091891,2239223.32958984,7871.63173904718
1598,Reitnau,5057,5057,AG,19,4281,0,0,0,1296,0,0,12723626.7836914,17431.6851125648,5865578.8984375,11837.8592044592
1599,Wiliberg,5058,5058,AG,19,4288,0,0,0,163,0,0,2586934.71533203,7614.87435999458,1191890.03198242,5171.83066967119
1600,Oberhof,5062,5062,AG,19,4173,0,0,0,639,0,0,17796613.2270508,20468.1943893274,8145927.359375,13850.9455178333
1601,Wölflinswil,5063,5063,AG,19,4182,0,1,0,1035,96.61836,0,21138608.746582,26863.2423321496,9668188.13378906,18165.4361799274
1602,Wittnau,5064,5064,AG,19,4181,0,0,0,1318,0,0,24412088.4316406,23810.407937018,11159377.7431641,16097.4322318024
1603,Frick Widenplatz,5070,5070,AG,19,4163,0,0,0,5487,0,0,22021668.9272461,26874.8322478472,10054353.4211426,18159.7184400532
1604,Oeschgen,5072,5072,AG,19,4175,0,0,0,1036,0,0,9395263.76806641,13218.7634674485,4287132.05737305,8928.76256131149
1605,Gipf-Oberfrick,5073,5073,AG,19,4165,0,2,0,3540,56.49718,0,21692868.4819336,27287.1667269305,9910423.29736328,18448.1224262963
1606,Eiken,5074,5074,AG,19,4161,0,1,0,2276,43.93673,0,15635969.8857422,19984.8769128928,7131570.68896484,13491.7334967966
1607,Hornussen,5075,5075,AG,19,4167,0,0,0,972,0,0,15966127.5849609,26138.0351375047,7291815.41748047,17665.0061483026
1608,Bözen,5076,5076,AG,19,4094,0,0,0,742,0,0,8613190.22119141,15381.5164692688,3934454.70703125,10393.4884883362
1609,Elfingen,5077,5077,AG,19,4097,0,0,0,309,0,0,9384601.66357422,12091.0707388111,4284645.68115234,8172.15874566314
1610,Effingen,5078,5078,AG,19,4096,0,0,0,600,0,0,15198828.3115234,20623.228298039,6943731.09277344,13936.5191461969
1611,Zeihen,5079,5079,AG,19,4183,0,0,0,1185,0,0,14904607.6884766,21747.643605395,6814975.26538086,14706.4259305628
1612,Laufenburg,5080,5080,AG,19,4170,0,1,0,2455,40.7332,0,5882038.44873047,14078.1232502052,2680912.26928711,9506.66426470689
1613,Kaisten,5082,5082,AG,19,4169,0,0,0,2403,0,0,30145962.0043945,28320.098261661,13748779.2814941,19127.1306906264
1614,Ittenthal,5083,5083,AG,19,4169,0,0,0,261,0,0,8453860.82617188,14879.2403850234,3858404.01904297,10055.7647781099
1615,Rheinsulz,5084,5084,AG,19,4170,0,0,0,218,0,0,6654397.12597656,11491.0944407841,3033243.33447266,7758.863740332
1616,Sulz AG,5085,5085,AG,19,4170,0,0,0,996,0,0,20013048.0102539,23859.1080833626,9128860.19506836,16112.1175352355
1617,Rupperswil,5102,5102,AG,19,4206,0,1,0,5473,18.27151,0,13774350.2636719,19318.6447683024,6314145.81079102,13084.0626801708
1618,Wildegg,5103,5103,AG,19,4203,0,0,0,4425,0,0,14831541.9243164,19968.3406984894,6795371.98242188,13521.3965041709
1619,Auenstein,5105,5105,AG,19,4091,0,4,0,1597,250.46963,0,12446709.2504883,16161.3103820239,5701992.80175781,10949.1274502737
1620,Veltheim AG,5106,5106,AG,19,4120,0,0,0,1448,0,0,11503743.0083008,15526.3616810604,5267546.44897461,10506.3475181135
1621,Schinznach Dorf,5107,5107,AG,19,4125,0,0,0,1778,0,0,19268799.3730469,21098.5933060069,8815732.02783203,14276.7631835216
1622,Oberflachs,5108,5108,AG,19,4125,0,0,0,521,0,0,7374780.98583984,12240.3195297997,3376160.47753906,8281.14564416785
1623,Thalheim AG,5112,5112,AG,19,4117,0,0,0,844,0,0,21448655.6186523,20355.1807484511,9818626.33251953,13773.2284299536
1624,Holderbank AG,5113,5113,AG,19,4199,0,0,0,1332,0,0,5063231.03515625,10455.9523242008,2318525.26342773,7073.62095992759
1625,Schinznach Bad,5116,5116,AG,19,4095,0,0,0,1322,0,0,4051235.09326172,12755.9812383276,1853557.73095703,8624.80841242035
1626,Brugg AG 1 Zustellung,5200,5200,AG,19,4095,1,3,0.333333333333333,9825,30.53435,10.17812,12284843.5517578,28396.7792617076,5613789.8046875,19197.6512168777
1627,Windisch,5210,5210,AG,19,4123,0,3,0,7536,39.80892,0,10773422.2099609,19081.8274825502,4925040.37866211,12903.111449529
1628,Hausen AG,5212,5212,AG,19,4100,0,0,0,3716,0,0,7031351.37011719,13181.6572450642,3216128.87109375,8914.50429785125
1629,Villnachern,5213,5213,AG,19,4122,0,0,0,1643,0,0,12402763.7602539,19639.7842869144,5670608.44604492,13283.5328642309
1630,Umiken,5222,5222,AG,19,4095,0,0,0,1410,0,0,1783678.61230469,6988.79606600915,815265.083496094,4725.74661824416
1631,Riniken,5223,5223,AG,19,4111,0,0,0,1334,0,0,10361928.0756836,14659.7347265866,4733707.32910156,9911.55542327334
1632,Bözberg,5225,5225,AG,19,4124,0,2,0,1618,123.60939,0,33160927.7490234,40706.4412324303,15151992.4387207,27522.4451859876
1633,Stilli,5233,5233,AG,19,4121,0,0,0,390,0,0,961193.54296875,6351.58604598669,438731.376708984,4286.21923773412
1634,Villigen,5234,5234,AG,19,4121,0,1,0,1743,57.37235,0,23679763.6845703,23523.3717734559,10803104.0178223,15893.9340877844
1635,Rüfenach AG,5235,5235,AG,19,4112,0,0,0,856,0,0,9283991.33251953,17108.6768035894,4239514.85839844,11560.4433047527
1636,Remigen,5236,5236,AG,19,4110,0,0,0,1136,0,0,17373939.8193359,26990.7982431729,7930052.85351563,18241.9162676652
1637,Mönthal,5237,5237,AG,19,4106,0,0,0,411,0,0,9246015.84570313,18825.6214427506,4220361.09008789,12723.387840878
1638,Birr,5242,5242,AG,19,4092,0,1,0,6764,14.78415,0,22215792.9785156,25385.8155549116,10170268.7849121,17177.7538988835
1639,Mülligen,5243,5243,AG,19,4107,0,0,0,1101,0,0,6957362.44970703,12668.7353729053,3183352.43896484,8571.2867194746
1640,Birrhard,5244,5244,AG,19,4093,0,0,0,734,0,0,6449368.59716797,14805.5338269556,2952716.38452148,10016.4956297419
1641,Habsburg,5245,5245,AG,19,4099,0,0,0,444,0,0,4843540.66259766,12611.999235995,2215408.93188477,8529.54960363839
1642,Scherz,5246,5246,AG,19,4104,0,1,0,689,145.13788,0,7203813.75976563,14166.2932058455,3296775.21948242,9583.00680794573
1643,Gansingen,5272,5272,AG,19,4164,0,0,0,1033,0,0,19325295.2094727,20689.0557336948,8814185.41601563,13973.4415134746
1644,Oberhofen AG,5273,5273,AG,19,4184,0,0,0,280,0,0,6991887.60253906,14366.6514845894,3186695.46264648,9703.99253930815
1645,Mettau,5274,5274,AG,19,4184,0,0,0,322,0,0,7127398.56933594,15339.0974065616,3246884.56689453,10356.0764422797
1646,Etzgen,5275,5275,AG,19,4184,0,0,0,459,0,0,7048541.27099609,13087.6460981831,3210375.17553711,8832.22059006382
1647,Wil AG,5276,5276,AG,19,4184,0,0,0,714,0,0,16929476.4580078,20285.015460874,7713076.01074219,13690.3426428875
1648,Hottwil,5277,5277,AG,19,4184,0,0,0,264,0,0,9121510.38916016,15679.605773925,4159458.82836914,10586.8691268984
1649,Turgi,5300,5300,AG,19,4042,0,1,0,3420,29.23977,0,4376362.63623047,10958.8329786565,1999588.35449219,7407.39166996183
1650,Siggenthal Station,5301,5301,AG,19,4044,0,0,0,505,0,0,1302110.23291016,5408.07782852971,594391.0703125,3653.9033818932
1651,Würenlingen,5303,5303,AG,19,4047,0,1,0,4616,21.66378,0,20657123.1376953,21565.4907905043,9423429.11083984,14567.1525693877
1652,Endingen,5304,5304,AG,19,4305,0,1,0,2181,45.85053,0,18655036.4594727,22248.9445452453,8510564.19921875,15027.7284026045
1653,Unterendingen,5305,5305,AG,19,4305,0,0,0,345,0,0,7515634.20556641,17127.7870547367,3426691.98999023,11572.1274711446
1654,Tegerfelden,5306,5306,AG,19,4320,0,0,0,1193,0,0,15686403.7983398,19161.1314552959,7147850.01171875,12934.3229063007
1655,Döttingen,5312,5312,AG,19,4304,0,0,0,4161,0,0,15391747.328125,19732.1677805896,7014120.28930664,13320.9780238645
1656,Klingnau,5313,5313,AG,19,4309,0,0,0,3354,0,0,14746818.1953125,20930.8787792451,6712909.86376953,14122.9346351285
1657,Kleindöttingen,5314,5314,AG,19,4303,0,0,0,3593,0,0,9925471.53076172,12590.9935413851,4521531.02563477,8498.46753592178
1658,Böttstein,5315,5315,AG,19,4303,0,0,0,344,0,0,6260958.26660156,12232.9109720342,2853898.30151367,8258.88325181239
1659,Leuggern,5316,5316,AG,19,4313,0,0,0,1876,0,0,18411321.2563477,26580.9788510863,8382647.21069336,17928.696878672
1660,Hettenschwil,5317,5317,AG,19,4313,0,0,0,305,0,0,11816003.1547852,16548.3773817303,5381834.84594727,11165.6424159969
1661,Mandach,5318,5318,AG,19,4105,0,0,0,358,0,0,11882452.0532227,15697.5778628786,5416630.58105469,10597.3030387304
1662,Koblenz,5322,5322,AG,19,4310,0,0,0,1641,0,0,8895395.04394531,18526.5742196106,4046953.35986328,12497.7215998446
1663,Rietheim,5323,5323,AG,19,4316,0,0,0,660,0,0,8627510.50341797,17693.8906118823,3925291.62109375,11934.7231318292
1664,Full-Reuenthal,5324,5324,AG,19,4307,0,0,0,891,0,0,10433882.9428711,15615.8051231304,4746120.08007813,10531.6841741596
1665,Leibstadt,5325,5325,AG,19,4311,0,0,0,1319,0,0,14144197.2373047,17990.7490914244,6438409.20727539,12137.7803312655
1666,Schwaderloch,5326,5326,AG,19,4176,0,0,0,679,0,0,6220329.22509766,12005.0889586839,2831922.7824707,8101.13783794645
1667,Bad Zurzach Hauptstrasse,5330,5330,AG,19,4323,0,0,0,4391,0,0,14203858.8417969,21731.811317364,6466498.7043457,14660.3614226972
1668,Rekingen AG,5332,5332,AG,19,4315,0,0,0,970,0,0,7076831.59228516,13890.0878374731,3224111.35375977,9376.68726913349
1669,Baldingen,5333,5333,AG,19,4301,0,0,0,271,0,0,6068135.77587891,11051.063553283,2765837.12744141,7461.40246196867
1670,Böbikon,5334,5334,AG,19,4302,0,0,0,183,0,0,5622426.61279297,11417.9683739407,2563113.67797852,7711.91949924971
1671,Baden 1,5400,5400,AG,19,4021,0,6,0,13911,43.13133,0,19211664.5795898,20739.1590178031,8783781.13427734,14025.9116108879
1672,Baden,5404,5400,AG,19,4021,0,0,0,151,0,0,276311.439941406,2167.5142075635,126414.482421875,1465.93750002263
1673,Dättwil AG,5405,5405,AG,19,4021,0,0,0,2979,0,0,7767920.72314453,14806.9396156677,3554048.45800781,10018.4613692799
1674,Baden,5406,5400,AG,19,4021,0,2,0,2691,74.32181,0,2538332.88818359,7540.255206704,1162032.28686523,5101.5207287531
1675,Ennetbaden,5408,5400,AG,19,4026,0,2,0,3355,59.61252,0,4609606.77734375,10593.8602613065,2106788.83837891,7165.65033609383
1676,Gebenstorf,5412,5412,AG,19,4029,0,0,0,5603,0,0,12420925.3125,21242.9819219037,5677201.92944336,14357.8133406979
1677,Birmenstorf AG,5413,5413,AG,19,4024,0,0,0,2912,0,0,16148883.7192383,24697.4380429735,7387975.34838867,16703.9044812069
1678,Hertenstein AG,5415,5415,AG,19,4038,0,1,0,6934,14.42169,0,10867072.7182617,16404.1163059924,4964847.41186523,11090.0592077285
1679,Kirchdorf AG,5416,5416,AG,19,4038,0,0,0,1542,0,0,7784000.60058594,15843.1275328886,3555333.70068359,10705.3647667159
1680,Untersiggenthal,5417,5417,AG,19,4044,0,0,0,6114,0,0,15214656.0117188,18559.2066647107,6947336.91503906,12542.6800106407
1681,Ehrendingen,5420,5420,AG,19,4049,0,2,0,4798,41.68404,0,15893058.1669922,19311.4762625266,7260381.96606445,13051.2862826554
1682,Freienwil,5423,5423,AG,19,4028,0,0,0,1056,0,0,8826955.96972656,18063.716294469,4031369.16918945,12209.6580620516
1683,Schneisingen,5425,5425,AG,19,4318,0,0,0,1476,0,0,18102933.7788086,21640.1747063412,8260505.37353516,14617.3454058593
1684,Lengnau AG,5426,5426,AG,19,4312,0,0,0,2749,0,0,27704989.0141602,27905.9235304603,12641864.4169922,18853.6054104423
1685,Wettingen 2,5430,5430,AG,19,4045,0,6,0,20517,29.24404,0,23246253.9887695,26238.1625765144,10630813.5153809,17749.0006209058
1686,Neuenhof,5432,5432,AG,19,4034,0,0,0,8794,0,0,11758725.7177734,17698.401453587,5381877.93554688,11972.3782417476
1687,Würenlos,5436,5436,AG,19,4048,0,0,0,6621,0,0,19400224.9550781,20575.3046537506,8878226.43383789,13919.145813774
1688,Fislisbach,5442,5442,AG,19,4027,0,2,0,5547,36.05553,0,10976186.9355469,16402.6204330501,5024960.14477539,11101.272923498
1689,Niederrohrdorf,5443,5443,AG,19,4035,0,1,0,4384,22.81022,0,7198537.53125,16471.4474914699,3297657.66748047,11146.653569006
1690,Künten,5444,5444,AG,19,4031,0,0,0,1748,0,0,10685567.3383789,16644.5280014136,4901376.21313477,11272.855547481
1691,Eggenwil,5445,5445,AG,19,4066,0,0,0,1157,0,0,5453310.49560547,14286.9560443346,2502723.12817383,9676.24203891487
1692,Oberrohrdorf,5452,5452,AG,19,4037,0,0,0,3729,0,0,9459466.51123047,14976.8701214141,4332601.68481445,10135.7080265451
1693,Remetschwil,5453,5453,AG,19,4039,0,0,0,1973,0,0,8559733.18457031,16917.262576615,3922968.70410156,11457.084077154
1694,Bellikon,5454,5454,AG,19,4022,0,1,0,1556,64.26735,0,10613898.2358398,14006.4882329317,4867454.54638672,9481.53064307078
1695,Siglistorf,5462,5462,AG,19,4319,0,0,0,649,0,0,14626395.3383789,23517.7220914613,6670716.17285156,15882.5416030258
1696,Wislikofen Probsteiweg,5463,5463,AG,19,4322,0,0,0,350,0,0,8183028.24902344,16581.7120175292,3729979.44702148,11197.0265581743
1697,Rümikon AG,5464,5464,AG,19,4317,0,0,0,342,0,0,6421036.05908203,13558.1506195302,2925617.85864258,9154.04904715738
1698,Mellikon,5465,5465,AG,19,4314,0,0,0,232,0,0,5882802.54394531,10422.2006564504,2680516.52368164,7036.34576299292
1699,Kaiserstuhl AG,5466,5466,AG,19,4308,0,1,0,402,248.75622,0,616220.540527344,3333.14400815662,280736.959228516,2250.83895770422
1700,Fisibach,5467,5467,AG,19,4306,0,0,0,548,0,0,12638259.4550781,20961.8411372664,5759697.77319336,14146.9274476356
1701,Hunzenschwil,5502,5502,AG,19,4200,0,1,0,4017,24.8942,0,6948719.09130859,11748.0985753198,3187508.51464844,7957.63407929085
1702,Schafisheim,5503,5503,AG,19,4207,0,1,0,2966,33.71544,0,13916857.4926758,18744.7220760209,6386448.65380859,12693.4864298249
1703,Othmarsingen,5504,5504,AG,19,4205,0,0,0,2895,0,0,10288829.9023438,13327.9902181659,4716619.86547852,9024.11302122668
1704,Brunegg,5505,5505,AG,19,4193,0,0,0,844,0,0,3590303.88330078,12086.204623363,1644683.33837891,8180.17214672466
1705,Mägenwil PL Hub SK Blitz,5506,5506,AG,19,4032,0,0,0,2122,0,0,7687842.75830078,14017.6658798442,3522843.52050781,9489.45950982736
1706,Mellingen,5507,5507,AG,19,4033,0,1,0,5477,18.25817,0,10636092.9013672,17595.103709623,4872246.17504883,11909.289527659
1707,Wohlenschwil,5512,5512,AG,19,4046,0,0,0,1698,0,0,9255662.75097656,15141.2949951757,4240605.5859375,10248.3292142963
1708,Tägerig,5522,5522,AG,19,4077,0,1,0,1540,64.93506,0,7742351.11181641,13489.5912128375,3549586.8984375,9133.38989485366
1709,Nesselnbach,5524,5524,AG,19,4072,0,1,0,2835,35.27337,0,13528039.5810547,17875.7400983748,6206460.59887695,12103.7820390694
1710,Fischbach-Göslikon,5525,5525,AG,19,4067,0,0,0,1651,0,0,6744368.60986328,15721.9365667334,3095517.19628906,10652.6506663705
1711,Lenzburg Stadt,5600,5600,AG,19,4201,0,0,0,10999,0,0,31985074.8837891,36601.4746456987,14673507.0090332,24793.4300615981
1712,Staufen,5603,5603,AG,19,4210,0,0,0,3715,0,0,7703617.84765625,16150.5289818006,3534515.49194336,10936.1650467791
1713,Hendschiken,5604,5604,AG,19,4198,0,0,0,1287,0,0,7619459.84082031,14154.9119902704,3495168.33789063,9586.98284607013
1714,Dottikon,5605,5605,AG,19,4065,0,0,0,4563,0,0,11147031.234375,18144.3432249317,5114572.42651367,12288.5539535804
1715,Dintikon,5606,5606,AG,19,4194,0,0,0,2500,0,0,8141907.83447266,15527.6133255711,3738044.2824707,10518.9984557498
1716,Hägglingen,5607,5607,AG,19,4068,0,0,0,2383,0,0,16309441.6411133,19331.202228429,7479848.84936523,13092.5802306322
1717,Stetten AG,5608,5608,AG,19,4041,0,0,0,2258,0,0,9587008.65234375,17394.0568393925,4394893.2746582,11775.7005834457
1718,Wohlen AG,5610,5610,AG,19,4082,0,4,0,15002,26.66311,0,22651856.2675781,23534.8084472231,10404109.7836914,15951.8537029431
1719,Anglikon,5611,5611,AG,19,4082,0,1,0,1427,70.07708,0,5981780.63037109,11222.6559231852,2745763.14404297,7602.99091369175
1720,Villmergen PL3,5612,5612,AG,19,4080,0,1,0,6124,16.3292,0,17973734.1679688,22127.7187913659,8256263.80322266,14999.6305388742
1721,Hilfikon,5613,5613,AG,19,4080,0,0,0,271,0,0,3862254.60253906,9578.27386582284,1775232.22998047,6495.89995359398
1722,Sarmenstorf,5614,5614,AG,19,4076,0,2,0,2912,68.68132,0,17428062.3740234,21516.5963733557,8016343.55224609,14591.248296385
1723,Fahrwangen,5615,5615,AG,19,4196,0,1,0,2096,47.70992,0,11039567.3320313,24019.660397334,5082634.25805664,16293.0277147453
1724,Meisterschwanden,5616,5616,AG,19,4202,0,0,0,2582,0,0,9220591.88183594,12899.9058285626,4244546.12231445,8747.72070006209
1725,Tennwil,5617,5617,AG,19,4202,0,0,0,412,0,0,5562890.26464844,10565.9243248189,2559259.19482422,7165.17999285915
1726,Bettwil,5618,5618,AG,19,4227,0,0,0,612,0,0,8774464.02441406,15540.8201664097,4039175.68310547,10542.2496374203
1727,Uezwil,5619,5619,AG,19,4078,0,0,0,1504,0,0,11353622.2138672,18524.78224246,5220258.96313477,12558.3362847705
1728,Bremgarten AG 1,5620,5620,AG,19,4063,0,2,0,6975,28.67384,0,17480906.6396484,22648.9150198174,8028083.35424805,15344.696009474
1729,Zufikon,5621,5621,AG,19,4083,0,0,0,4307,0,0,10530844.640625,16547.1069167203,4837866.65014648,11215.0366531298
1730,Waltenschwil,5622,5622,AG,19,4240,0,0,0,2948,0,0,9872912.91210938,18095.4530627056,4537416.09472656,12269.4014627405
1731,Boswil,5623,5623,AG,19,4228,0,1,0,2830,35.33569,0,22494797.6098633,30437.2659458545,10351419.5732422,20642.8943315837
1732,Waldhäusern AG,5624,5624,AG,19,4229,0,0,0,1091,0,0,12628310.9418945,19063.3875933299,5806786.23339844,12925.9939072498
1733,Kallern,5625,5625,AG,19,4233,0,0,0,349,0,0,5852148.53369141,15600.8726835973,2692000.8112793,10574.9677514896
1734,Hermetschwil-Staffeln,5626,5626,AG,19,4063,0,0,0,1175,0,0,7108661.74902344,13012.4873852339,3267470.58789063,8826.03278606941
1735,Besenbüren,5627,5627,AG,19,4226,0,0,0,632,0,0,5200175.69189453,9949.49110477559,2391800.39941406,6744.95171789937
1736,Aristau,5628,5628,AG,19,4222,0,0,0,1500,0,0,18246400.6938477,22093.1667481624,8399172.32910156,14987.7637755527
1737,Muri AG Zustellung,5630,5630,AG,19,4236,0,3,0,7849,38.22143,0,27613291.2060547,27833.231960563,12720005.157959,18883.0038583358
1738,Buttwil,5632,5632,AG,19,4230,0,0,0,1275,0,0,13802047.3852539,20021.0051460407,6358638.58862305,13585.4194825807
1739,Merenschwand,5634,5634,AG,19,4234,0,0,0,2975,0,0,23972168.5952148,24316.1350978837,11046618.8886719,16501.7884891836
1740,Benzenschwil,5636,5636,AG,19,4234,0,0,0,601,0,0,5329361.76611328,12458.2066750398,2457301.71240234,8457.7260369959
1741,Beinwil (Freiamt),5637,5637,AG,19,4224,0,0,0,1402,0,0,31823746.2817383,29936.1406647173,14680453.7758789,20327.4783394998
1742,Mühlau,5642,5642,AG,19,4235,0,0,0,1182,0,0,12930954.6005859,18183.5919871812,5965049.86499023,12349.0108353765
1743,Sins,5643,5643,AG,19,4239,0,5,0,3836,130.34411,0,27789685.3632813,35342.8205530801,12837573.2597656,24014.2938473769
1744,Auw,5644,5644,AG,19,4223,0,0,0,2157,0,0,17818712.4296875,26213.4311779745,8225747.82373047,17809.8719600923
1745,Fenkrieden,5645,5645,AG,19,4239,0,0,0,467,0,0,15795585.7026367,24542.9404520724,7304039.31201172,16682.2782793403
1746,Abtwil AG,5646,5646,AG,19,4221,0,0,0,982,0,0,8881638.48583984,15324.3980020598,4106307.63964844,10418.3698788278
1747,Oberrüti,5647,5647,AG,19,4237,0,0,0,1537,0,0,11507834.6303711,15912.911468032,5321865.52099609,10818.7454891218
1748,Niederlenz,5702,5702,AG,19,4204,0,2,0,4651,43.00151,0,6913480.24169922,13120.4226549877,3169030.9519043,8886.33703128302
1749,Seon,5703,5703,AG,19,4209,0,1,0,5308,18.83949,0,20961631.0957031,20217.222789546,9628558.81591797,13700.1314946551
1750,Egliswil,5704,5704,AG,19,4195,0,0,0,1459,0,0,13690533.0571289,16748.3774462448,6287775.90087891,11350.3972961978
1751,Hallwil,5705,5705,AG,19,4197,0,0,0,855,0,0,4872647.38134766,9728.05304960578,2240013.02661133,6594.52770818602
1752,Boniswil,5706,5706,AG,19,4192,0,0,0,1451,0,0,6123717.66259766,14113.5702404229,2816692.65991211,9568.87682719611
1753,Seengen,5707,5707,AG,19,4208,0,1,0,3982,25.11301,0,22313875.215332,21579.9538055459,10257223.5922852,14629.9564428995
1754,Birrwil,5708,5708,AG,19,4132,0,1,0,1172,85.32423,0,12024618.0649414,16922.2881702407,5535034.5324707,11476.6314903781
1755,Beinwil am See,5712,5712,AG,19,4131,0,0,0,3198,0,0,12574846.4951172,15399.8652363224,5793854.3371582,10448.5817097193
1756,Gränichen,5722,5722,AG,19,4006,0,2,0,7775,25.72347,0,37482856.0239258,29336.4733377841,17215331.6337891,19881.7218400824
1757,Teufenthal AG,5723,5723,AG,19,4145,0,2,0,1714,116.68611,0,9358640.96289063,16842.9333695889,4302017.91137695,11422.8872248241
1758,Dürrenäsch,5724,5724,AG,19,4134,0,0,0,1265,0,0,12907540.387207,18540.2950455724,5935520.70507813,12571.574920979
1759,Leutwil,5725,5725,AG,19,4138,0,0,0,787,0,0,8032225.5234375,13067.6745063063,3695407.61083984,8862.17947839224
1760,Unterkulm Zustellung,5726,5726,AG,19,4146,0,0,0,3011,0,0,17837487.0878906,21284.3315267601,8202863.3190918,14435.3459796403
1761,Oberkulm,5727,5727,AG,19,4140,1,1,1,2809,35.59986,35.59986,20396170.4262695,20900.4395277752,9386184.58544922,14182.8804368929
1762,Gontenschwil,5728,5728,AG,19,4135,0,0,0,2172,0,0,20764546.1601563,24535.6118930555,9566787.72021484,16656.5505526115
1763,Zetzwil,5732,5732,AG,19,4147,0,0,0,1305,0,0,12637035.762207,16897.5114286937,5817706.58129883,11465.1211149162
1764,Leimbach AG,5733,5733,AG,19,4137,0,0,0,454,0,0,2540408.27197266,8273.55314174915,1170102.84204102,5616.61357576212
1765,Reinach AG,5734,5734,AG,19,4141,0,0,0,8291,0,0,20451163.4887695,28196.5923479219,9424602.4230957,19143.8977885896
1766,Pfeffikon LU,5735,5735,LU,3,1097,0,0,0,955,0,0,5416446.72021484,11187.6905096058,2497520.84057617,7600.09602427823
1767,Burg AG,5736,5736,AG,19,4133,0,0,0,1198,0,0,2013295.69775391,6821.63996752821,928739.294189453,4632.04835772447
1768,Menziken,5737,5737,AG,19,4139,0,1,0,6244,16.01537,0,13805780.3222656,25673.5276323349,6368208.70239258,17438.1158900468
1769,Kölliken,5742,5742,AG,19,4276,0,0,0,4480,0,0,18367415.6313477,20052.3533375156,8441146.97436523,13595.092898335
1770,Safenwil,5745,5745,AG,19,4283,0,1,0,3868,25.85315,0,12952522.6313477,17387.6481584162,5955950.55419922,11794.1627170361
1771,Walterswil SO,5746,5746,SO,11,2585,0,0,0,770,0,0,12563823.5942383,20240.1213458345,5774858.24853516,13725.9293201637
1772,Luzern,6003,6000,LU,3,1061,0,4,0,16132,24.79544,0,5283810.74853516,14922.5578429829,2454269.21655273,10171.8452008137
1773,Luzern,6004,6000,LU,3,1061,0,7,0,9723,71.99424,0,4945680.14599609,10704.8525605878,2296350.09301758,7293.89752357084
1774,Luzern,6005,6000,LU,3,1061,1,14,0.0714285714285714,23261,60.18658,4.29904,16906634.0273438,28685.9287351376,7857496.84082031,19552.8493561302
1775,Luzern,6006,6000,LU,3,1061,0,5,0,16138,30.98277,0,19694210.6083984,21990.4286853414,9146232.65600586,14987.3773225293
1776,Kriens 2 Zustellung,6010,6010,LU,3,1059,0,6,0,23801,25.20902,0,41851553.6108398,43959.4471933593,19460899.5786133,29986.4035897829
1777,Obernau,6012,6012,LU,3,1059,0,1,0,3419,29.24832,0,12586421.9492188,20299.8054548089,5851191.15625,13845.8508768206
1778,Eigenthal,6013,6013,LU,3,1066,0,0,0,252,0,0,28619844.3740234,32671.039264132,13321639.5114746,22289.0944779003
1779,Luzern,6014,6000,LU,3,1061,0,2,0,10140,19.72387,0,24662711.6899414,32694.6407266498,11452425.1767578,22280.1228296574
1780,Luzern,6015,6000,LU,3,1061,0,5,0,7809,64.02868,0,3757329.77490234,8881.66096369785,1744357.86499023,6049.67309380951
1781,Hellbühl,6016,6016,LU,3,1093,0,0,0,1379,0,0,25321301.902832,33006.1253361343,11752779.2475586,22492.5418136312
1782,Ruswil Zustellung,6017,6017,LU,3,1098,0,0,0,5734,0,0,61413601.984375,47118.5256661582,28487290.8137207,32094.5435990088
1783,Buttisholz,6018,6018,LU,3,1083,0,0,0,3291,0,0,36298978.3232422,31244.9285301547,16819839.6730957,21271.1206169456
1784,Sigigen,6019,6019,LU,3,1098,0,0,0,469,0,0,19529704.8964844,23025.9303484795,9068063.55932617,15692.4250603951
1785,Emmenbrücke,6020,6020,LU,3,1024,0,4,0,23510,17.01404,0,22049432.1508789,34096.3436805318,10231076.6894531,23231.4517495939
1786,Grosswangen,6022,6022,LU,3,1086,0,0,0,3311,0,0,42655595.7202148,31967.9828502286,19751124.4389648,21756.7594860868
1787,Rothenburg DIST BA,6023,6023,LU,3,1040,1,3,0.333333333333333,7636,39.28759,13.09586,33533690.0869141,31950.8937833793,15543967.078125,21758.7575684852
1788,Hildisrieden,6024,6024,LU,3,1088,0,0,0,2315,0,0,15391372.675293,19246.0664532934,7123083.42944336,13095.1150809556
1789,Neudorf,6025,6025,LU,3,1081,0,0,0,1459,0,0,28107614.2319336,24473.258160589,12994152.7661133,16640.1218520888
1790,Rain,6026,6026,LU,3,1037,0,3,0,2834,105.85745,0,21947952.7480469,26186.1201546287,10163310.9404297,17821.4430524901
1791,Römerswil LU,6027,6027,LU,3,1039,0,0,0,1073,0,0,16773512.277832,22316.1029935626,7756285.63745117,15172.4673899576
1792,Herlisberg,6028,6028,LU,3,1039,0,0,0,264,0,0,6165245.421875,13952.3377994253,2847888.18188477,9477.0048904061
1793,Ebikon,6030,6030,LU,3,1054,0,7,0,13566,51.59959,0,14142635.8657227,18492.3228333203,6561606.23364258,12599.7740996515
1794,Emmen,6032,6032,LU,3,1024,0,0,0,7341,0,0,28335184.765625,29229.4065472126,13141423.3154297,19910.2308889618
1795,Buchrain,6033,6033,LU,3,1052,0,4,0,5530,72.33273,0,8586395.12744141,16878.7104186993,3980666.87402344,11494.7305191748
1796,Inwil,6034,6034,LU,3,1033,0,1,0,2733,36.58983,0,28498652.3413086,34235.6967703546,13198257.2192383,23305.766522181
1797,Perlen,6035,6035,LU,3,1052,0,1,0,617,162.07455,0,5005078.48095703,10971.0249588676,2319466.35595703,7472.51561687442
1798,Dierikon,6036,6036,LU,3,1053,0,0,0,1409,0,0,5984032.94775391,10794.4478861013,2774882.01733398,7351.59277241039
1799,Root,6037,6037,LU,3,1065,0,1,0,5048,19.80983,0,12258097.300293,21100.2110367968,5680625.03442383,14366.8452188889
1800,Gisikon,6038,6038,LU,3,1055,0,0,0,1765,0,0,6830883.16113281,14139.7627872823,3163404.43139648,9621.3061526437
1801,Root D4,6039,6039,LU,3,1065,0,0,0,22,0,0,184919.946289063,1706.63084251043,85721.8488769531,1162.14254865951
1802,Dietwil,6042,6042,AG,19,4231,0,0,0,1337,0,0,10977768.5268555,16861.3141848107,5080289.33740234,11470.9680991326
1803,Adligenswil Ebikonerstrasse,6043,6043,LU,3,1051,0,4,0,5386,74.26662,0,14937947.4379883,18064.6388472864,6932514.77197266,12309.4168147316
1804,Udligenswil,6044,6044,LU,3,1067,0,0,0,2300,0,0,15149151.0395508,20565.1222362659,7025200.67578125,14002.54268764
1805,Meggen,6045,6045,LU,3,1063,0,2,0,7423,26.94328,0,29919759.6542969,25647.1706109223,13899140.5847168,17482.3078481433
1806,Kastanienbaum,6047,6047,LU,3,1058,0,0,0,1393,0,0,14387657.0332031,17418.5233803638,6692647.17626953,11880.1579121279
1807,Horw Gemeindehausplatz,6048,6048,LU,3,1058,0,2,0,11123,17.98076,0,21636334.597168,28487.4406979441,10064216.5358887,19432.7372896334
1808,Hergiswil NW,6052,6052,NW,7,1507,0,3,0,5775,51.94805,0,35561341.4287109,36939.9072535563,16556861.8598633,25219.5916489353
1809,Alpnachstad,6053,6053,OW,6,1401,0,0,0,712,0,0,14032277.5932617,22207.2473308268,6539302.44360352,15157.9116479108
1810,Alpnach Dorf,6055,6055,OW,6,1401,0,3,0,5316,56.43341,0,106473793.759277,66935.4898123917,49640681.3078613,45719.2599334883
1811,Kägiswil,6056,6056,OW,6,1407,0,0,0,1287,0,0,9943702.41113281,20429.1579004198,4641505.60009766,13960.1766233605
1812,Sarnen 2 Büntenpark,6060,6060,OW,6,1407,0,3,0,6504,46.12546,0,41432017.0200195,39940.0442469079,19345451.0881348,27296.9078366642
1813,Wilen (Sarnen),6062,6062,OW,6,1407,0,0,0,1464,0,0,15707980.4375,24712.7908915806,7344678.48535156,16897.7817493284
1814,Stalden (Sarnen),6063,6063,OW,6,1407,0,0,0,1299,0,0,98234096.722168,63846.1553362404,45892151.3789063,43639.5317554004
1815,Kerns,6064,6064,OW,6,1404,0,6,0,5662,105.96962,0,51851153.8862305,41218.0470751903,24212060.5510254,28165.0002796467
1816,St. Niklausen OW,6066,6066,OW,6,1404,0,0,0,359,0,0,33003295.6152344,30085.4185287317,15430359.6447754,20568.1094021094
1817,Melchtal,6067,6067,OW,6,1404,0,0,0,372,0,0,52538056.0283203,44443.2098102554,24608733.6130371,30416.3567230282
1818,Melchsee-Frutt,6068,6068,OW,6,1404,0,0,0,40,0,0,64435926.6000977,46960.1195404823,30227907.4682617,32175.2442916988
1819,Sachseln,6072,6072,OW,6,1406,0,0,0,4365,0,0,105815190.925781,65182.082779792,49548582.4223633,44593.4379699698
1820,Flüeli-Ranft,6073,6073,OW,6,1406,0,0,0,619,0,0,10577643.5615234,19876.3589812171,4945333.40087891,13590.2380227252
1821,Giswil,6074,6074,OW,6,1403,0,0,0,3971,0,0,178169819.038086,69457.4180314581,83411293.1237793,47534.5839859407
1822,Lungern,6078,6078,OW,6,1405,0,1,0,2168,46.12546,0,99150655.3193359,48809.6162543794,46505338.0944824,33437.705527592
1823,Hasliberg Hohfluh,6083,6083,BE,2,783,0,0,0,383,0,0,14597026.1616211,18993.5406475774,6854824.22802734,13018.7077828439
1824,Hasliberg Wasserwendi,6084,6084,BE,2,783,0,0,0,132,0,0,17431390.8217773,23298.9726981004,8185317.2434082,15969.6512129188
1825,Hasliberg Goldern,6085,6085,BE,2,783,0,0,0,324,0,0,4197141.86376953,8055.19390908806,1972128.75170898,5523.78314833472
1826,Hasliberg Reuti,6086,6086,BE,2,783,0,0,0,369,0,0,52447635.097168,43535.6719300456,24640862.6884766,29847.3050519348
1827,Malters,6102,6102,LU,3,1062,0,3,0,6995,42.88778,0,46303633.6767578,38281.4488263669,21516699.7922363,26107.9000961432
1828,Schwarzenberg LU,6103,6103,LU,3,1066,0,0,0,1521,0,0,60738108.3657227,38245.8727833485,28265817.0563965,26093.7941434028
1829,Schachen LU,6105,6105,LU,3,1009,0,0,0,1302,0,0,15089078.4604492,21063.4850998301,7013983.10449219,14356.1301582577
1830,Werthenstein,6106,6106,LU,3,1009,0,0,0,825,0,0,17838152.3105469,24395.6934237675,8286308.69091797,16627.1547100134
1831,Wolhusen,6110,6110,LU,3,1107,0,0,0,4882,0,0,38207013.4160156,70061.5884410249,17750990.7480469,47763.4622212706
1832,Doppleschwand,6112,6112,LU,3,1001,0,2,0,784,255.10204,0,15017045.3808594,17791.4317839313,6984951.85595703,12130.0625009352
1833,Romoos,6113,6113,LU,3,1007,0,1,0,562,177.93594,0,50246065.2495117,34721.7767983382,23375590.0373535,23686.8743931731
1834,Steinhuserberg,6114,6114,LU,3,1107,0,0,0,326,0,0,16568224.5209961,23501.8836134487,7696740.08105469,16019.0844355709
1835,Menznau,6122,6122,LU,3,1136,0,0,0,1973,0,0,29750269.0454102,31632.0699179366,13804184.0026855,21544.5980336257
1836,Geiss,6123,6123,LU,3,1136,0,0,0,504,0,0,13178940.3969727,16126.6954015567,6111958.19311523,10982.1338354337
1837,Menzberg,6125,6125,LU,3,1136,0,0,0,507,0,0,34684482.8740234,48348.2521380921,16115984.0698242,32958.042940434
1838,Daiwil,6126,6126,LU,3,1151,0,0,0,226,0,0,8609708.50097656,23132.4922583188,3993723.8371582,15749.1657703609
1839,Willisau Zustellung,6130,6130,LU,3,1151,0,3,0,7450,40.26846,0,69465463.347168,77700.9194438946,32195712.6787109,52906.7135690717
1840,Rohrmatt,6132,6132,LU,3,1151,0,0,0,182,0,0,7954553.27294922,30288.7120291432,3690737.81201172,20629.7240168723
1841,Hergiswil b. Willisau,6133,6133,LU,3,1132,0,0,0,1902,0,0,54814884.7817383,50096.6655415349,25445285.2214355,34127.9122268826
1842,Gettnau,6142,6142,LU,3,1130,0,0,0,1167,0,0,12928300.7792969,17820.4709819698,5985134.07617188,12128.2454054696
1843,Ohmstal,6143,6143,LU,3,1143,0,0,0,355,0,0,9538594.02197266,18041.6053382413,4412490.18383789,12273.636388669
1844,Zell LU,6144,6144,LU,3,1150,0,1,0,1816,55.06608,0,23925173.5688477,33119.0659972626,11075823.9455566,22535.5202860804
1845,Fischbach LU,6145,6145,LU,3,1129,0,0,0,716,0,0,16608811.5629883,19625.7204332413,7684950.42749023,13349.7236124112
1846,Grossdietwil,6146,6146,LU,3,1131,0,0,0,726,0,0,14339713.3422852,18674.9489540915,6631471.72021484,12699.4836234583
1847,Altbüron,6147,6147,LU,3,1122,0,1,0,1122,89.12656,0,21249026.7578125,23487.2833982845,9817923.82495117,15969.4579804082
1848,Hüswil,6152,6152,LU,3,1150,0,2,0,260,769.23077,0,7723339.32568359,17363.3840885444,3577170.5637207,11818.0298133861
1849,Ufhusen,6153,6153,LU,3,1145,0,0,0,936,0,0,27186054.5161133,31177.7664350028,12600287.5217285,21224.9323934877
1850,Hofstatt,6154,6154,LU,3,1135,0,0,0,455,0,0,24524547.171875,36244.2087893266,11379449.699707,24684.1641625774
1851,Luthern,6156,6156,LU,3,1135,0,0,0,917,0,0,57248081.8330078,46647.8786315682,26599117.7753906,31781.8827945251
1852,Rengg,6162,6162,LU,3,1002,0,2,0,2869,69.7107,0,126576711.657715,80403.1735433304,58982563.0671387,54877.2376725878
1853,Ebnet,6163,6163,LU,3,1002,0,0,0,482,0,0,14809910.1313477,17710.9799798664,6886287.96582031,12076.6378281117
1854,Hasle LU,6166,6166,LU,3,1005,0,0,0,1808,0,0,64977093.6640625,47868.9691881031,30282536.0693359,32678.9345254642
1855,Bramboden,6167,6167,LU,3,1007,0,0,0,69,0,0,12969616.8164063,20752.3546220583,6038652.89892578,14160.6925270446
1856,Schüpfheim Zustellung,6170,6170,LU,3,1008,0,4,0,4374,91.44947,0,91518752.1835938,61525.4761349542,42672651.6706543,42009.8151430646
1857,Flühli LU,6173,6173,LU,3,1004,0,1,0,1138,87.87346,0,97745143.2680664,46170.7113532163,45683578.6425781,31557.2993399989
1858,Sörenberg,6174,6174,LU,3,1004,0,0,0,918,0,0,114595263.816895,51097.1347771011,53691137.0092773,34981.9751590617
1859,Escholzmatt Zustellung,6182,6182,LU,3,1010,0,0,0,2756,0,0,93392355.7651367,76142.7109343317,43582646.9189453,52017.1335515911
1860,Wiggen,6192,6192,LU,3,1010,0,0,0,472,0,0,52963041.7192383,67071.9665451708,24757842.4624023,45853.0415905027
1861,Marbach LU,6196,6196,LU,3,1010,0,0,0,1316,0,0,90856197.9892578,54033.8263195858,42506077.1325684,36954.1756385131
1862,Schangnau,6197,6197,BE,2,906,0,2,0,1081,185.01388,0,97284501.4350586,60301.9885136314,45590004.3933105,41292.7868602994
1863,Sempach Bahnhof GK,6203,6203,LU,3,1093,0,1,0,1441,69.39625,0,16083147.9008789,26554.2991259641,7451611.27026367,18080.3835982614
1864,Sempach,6204,6204,LU,3,1102,0,5,0,4258,117.42602,0,28931813.1040039,27710.8348926215,13394527.6330566,18855.880327075
1865,Eich,6205,6205,LU,3,1084,0,0,0,1637,0,0,19925457.9277344,21066.8358014298,9218066.2043457,14331.2571449475
1866,Neuenkirch,6206,6206,LU,3,1093,0,1,0,4733,21.12825,0,33267534.6958008,32167.8983150543,15425080.5256348,21911.2442502628
1867,Nottwil Paraplegikerzentrum,6207,6207,LU,3,1094,0,0,0,3904,0,0,33162493.6835938,26276.1083461873,15357385.8598633,17881.0290649445
1868,Oberkirch LU,6208,6208,LU,3,1095,0,1,0,3896,25.66735,0,21805178.7304688,24337.8754879336,10088790.28125,16553.4670295397
1869,Sursee Zustellung,6210,6210,LU,3,1103,0,2,0,10965,18.23985,0,14258819.7285156,20979.9524911461,6591802.765625,14265.1172247107
1870,Buchs LU,6211,6211,LU,3,1125,0,0,0,415,0,0,10115436.8359375,15104.9400470326,4671904.390625,10266.1364414123
1871,St. Erhard,6212,6212,LU,3,1089,0,2,0,1759,113.70097,0,10901826.6523438,20121.4172315584,5038452.65307617,13679.0730649155
1872,Knutwil,6213,6213,LU,3,1089,0,0,0,784,0,0,13746708.9492188,18405.300881943,6349217.69506836,12507.037559893
1873,Schenkon,6214,6214,LU,3,1099,0,2,0,2939,68.05036,0,16298554.4194336,20668.8721525231,7533923.6171875,14052.5350201312
1874,Beromünster,6215,6215,LU,3,1081,0,0,0,3303,0,0,26546180.7597656,34302.9307636919,12253704.5170898,23295.9410165867
1875,Mauensee,6216,6216,LU,3,1091,0,0,0,959,0,0,9539049.29736328,20440.2199639758,4411169.6965332,13896.9471648914
1876,Kottwil,6217,6217,LU,3,1128,0,0,0,506,0,0,13183833.5654297,18393.3293510839,6097820.7590332,12510.3383166221
1877,Ettiswil,6218,6218,LU,3,1128,0,1,0,2260,44.24779,0,13989454.4233398,19792.2808810672,6473890.73144531,13459.539819641
1878,Rickenbach LU,6221,6221,LU,3,1097,0,2,0,2745,72.85974,0,28842701.8603516,30490.1129499803,13312329.5720215,20712.9382279153
1879,Gunzwil,6222,6222,LU,3,1081,0,1,0,1735,57.63689,0,28333219.1235352,30698.9408690951,13090804.2744141,20867.5640352148
1880,Schlierbach,6231,6231,LU,3,1100,0,0,0,910,0,0,15390050.5810547,21646.4102652381,7101229.06274414,14702.5505472875
1881,Geuensee,6232,6232,LU,3,1085,0,0,0,2951,0,0,14082624.7768555,18054.2210387506,6504154.67114258,12272.3436474698
1882,Büron,6233,6233,LU,3,1082,0,1,0,2548,39.24647,0,11572002.7670898,16267.3310062944,5342232.61743164,11051.4290283739
1883,Triengen,6234,6234,LU,3,1104,0,0,0,3683,0,0,26535982.5170898,26251.38521147,12237469.5842285,17825.4001551546
1884,Winikon,6235,6235,LU,3,1104,0,0,0,809,0,0,15768231.0053711,21207.8135593062,7274185.60131836,14406.7755660442
1885,Wilihof,6236,6236,LU,3,1104,0,0,0,248,0,0,6036625.67041016,13553.738969551,2786101.52246094,9203.98516095352
1886,Wauwil,6242,6242,LU,3,1146,0,0,0,2194,0,0,9423874.91162109,17688.0024090401,4355425.62109375,12028.6474636348
1887,Egolzwil,6243,6243,LU,3,1127,0,0,0,1538,0,0,8912669.11523438,15245.3736998696,4119122.35791016,10365.5844531749
1888,Nebikon,6244,6244,LU,3,1137,0,0,0,2615,0,0,8655581.19287109,15356.1273080667,3999278.47387695,10442.4461817657
1889,Ebersecken,6245,6245,LU,3,1123,0,0,0,389,0,0,19951816.4438477,25385.7597936987,9222002.38427734,17261.971411905
1890,Altishofen,6246,6246,LU,3,1123,0,0,0,1627,0,0,12373156.3813477,16394.402855545,5714550.63354492,11140.4949696382
1891,Schötz,6247,6247,LU,3,1143,0,1,0,4132,24.20136,0,23378072.4926758,28041.1519568917,10810882.8771973,19070.4036867273
1892,Alberswil,6248,6248,LU,3,1121,0,0,0,670,0,0,7815984.33984375,15899.9348532914,3617225.63305664,10814.1294581846
1893,Dagmersellen,6252,6252,LU,3,1125,0,0,0,4377,0,0,29493219.1982422,31977.8769172237,13614573.9628906,21732.963147219
1894,Uffikon,6253,6253,LU,3,1125,0,0,0,740,0,0,11217914.6489258,15843.5667216048,5178387.5793457,10769.132325922
1895,Reiden Zustellung,6260,6260,LU,3,1140,0,1,0,5419,18.45359,0,34905968.0571289,33506.5335381619,16091816.670166,22751.9019201398
1896,Langnau b. Reiden,6262,6262,LU,3,1140,0,0,0,1124,0,0,15057872.5151367,20163.6809695104,6947362.28295898,13697.8888809089
1897,Richenthal,6263,6263,LU,3,1140,0,0,0,735,0,0,15657114.2167969,17953.6541565516,7229016.28051758,12201.4847297596
1898,Pfaffnau,6264,6264,LU,3,1139,0,0,0,1857,0,0,20600719.2236328,19196.3164701606,9504762.52734375,13041.5190005677
1899,Roggliswil,6265,6265,LU,3,1142,0,0,0,778,0,0,17400637.8950195,22367.2795954202,8033734.59057617,15200.8338323909
1900,Eschenbach LU,6274,6274,LU,3,1026,0,0,0,3577,0,0,28974663.6499023,30757.501974565,13419039.0661621,20932.8931179887
1901,Ballwil,6275,6275,LU,3,1023,0,2,0,3017,66.29102,0,20235197.425293,26370.4504993094,9362351.31738281,17938.0107281509
1902,Hohenrain,6276,6276,LU,3,1032,0,0,0,1151,0,0,20421427.1025391,25481.8460099318,9440054.38769531,17324.7590012619
1903,Kleinwangen,6277,6277,LU,3,1032,0,0,0,870,0,0,22941161.8144531,24909.5971329576,10595380.9919434,16929.0465246362
1904,Hochdorf Zustellung,6280,6280,LU,3,1031,0,3,0,9456,31.72589,0,25367561.0874023,27292.2824385921,11734893.1535645,18556.2973769845
1905,Baldegg,6283,6283,LU,3,1031,0,0,0,926,0,0,11237502.0585938,15904.6157058442,5193433.18847656,10811.4949705457
1906,Gelfingen,6284,6284,LU,3,1030,0,0,0,1204,0,0,22989092.6577148,27894.3088019041,10613190.4106445,18957.0772619832
1907,Retschwil,6285,6285,LU,3,1030,0,0,0,2775,0,0,14817140.112793,29161.3919940803,6840764.92944336,19812.5265827614
1908,Altwis,6286,6286,LU,3,1022,0,0,0,437,0,0,6206161.77246094,10579.20356275,2862225.33642578,7185.49054682307
1909,Aesch LU,6287,6287,LU,3,1021,0,1,0,1265,79.05138,0,12790360.6538086,16184.8293201838,5894894.13989258,10987.5370193037
1910,Schongau,6288,6288,LU,3,1041,0,0,0,1065,0,0,27425863.6704102,24325.5960080341,12636049.2473145,16512.9160089595
1911,Hämikon,6289,6289,LU,3,1030,0,0,0,1115,0,0,19188645.84375,21310.4624675488,8849755.97558594,14472.4068967276
1912,Ermensee,6294,6294,LU,3,1025,0,0,0,996,0,0,12259522.3867188,16609.6507300156,5657144.95507813,11281.1121112768
1913,Mosen,6295,6295,LU,3,1030,0,0,0,288,0,0,3901193.62060547,9413.73297637278,1799107.43139648,6392.8222320458
1914,Zug,6300,6300,ZG,9,1711,0,9,0,28675,31.38622,0,52499849.909668,43731.871245408,24285973.1782227,29736.6354429229
1915,Steinhausen,6312,6312,ZG,9,1708,0,1,0,9997,10.003,0,10912553.7412109,15963.3818613545,5040687.56811523,10851.3701759646
1916,Edlibach,6313,6313,ZG,9,1704,0,1,0,4518,22.13369,0,57590199.8344727,44172.888898179,26629611.6450195,30040.2624960783
1917,Unterägeri,6314,6314,ZG,9,1709,0,3,0,9005,33.31483,0,63272996.4741211,40886.0582043985,29310581.262207,27824.8023299961
1918,Morgarten,6315,6315,ZG,9,1706,0,5,0,5976,83.66801,0,59902452.784668,44557.2248715791,27738651.5563965,30329.1001468
1919,Oberwil b. Zug,6317,6317,ZG,9,1711,0,1,0,2579,38.77472,0,16650619.6728516,17848.6986464212,7709317.77661133,12138.826197862
1920,Walchwil,6318,6318,ZG,9,1710,0,3,0,3704,80.99352,0,37169008.6391602,30656.977190104,17227886.6853027,20874.4527573749
1921,Allenwinden,6319,6319,ZG,9,1701,0,0,0,1453,0,0,5985379.13525391,10346.9777712661,2768246.18554688,7036.60488470206
1922,Cham,6330,6330,ZG,9,1702,0,6,0,14252,42.09935,0,29700764.9482422,31255.0764623629,13721199.6362305,21241.7429308815
1923,Hünenberg Zustellung,6331,6331,ZG,9,1703,0,1,0,4937,20.25522,0,35062088.1171875,40035.1205869707,16199039.5866699,27193.0767280317
1924,Hagendorn,6332,6332,ZG,9,1702,0,2,0,2326,85.98452,0,12085797.5058594,20182.1513931172,5580048.16772461,13706.525678545
1925,Hünenberg See,6333,6333,ZG,9,1703,0,0,0,4050,0,0,4630408.19482422,10739.1355749731,2141050.18676758,7302.29790795734
1926,Baar,6340,6340,ZG,9,1701,0,4,0,22291,17.94446,0,52639825.1303711,49252.0614568629,24311797.5290527,33471.1680078348
1927,Rotkreuz,6343,6343,ZG,9,1707,0,1,0,10878,9.19287,0,49709647.8388672,33481.3443405787,23009711.8964844,22772.1456285965
1928,Meierskappel,6344,6344,LU,3,1064,0,0,0,1461,0,0,19885468.3393555,30952.3280090981,9214008.52856445,21068.4186639688
1929,Neuheim,6345,6345,ZG,9,1705,0,0,0,2269,0,0,15724496.2583008,19816.9837565629,7263058.72412109,13467.7265062329
1930,Weggis,6353,6353,LU,3,1069,0,0,0,4301,0,0,50020683.2128906,32237.3248583719,23249876.9555664,21986.0530907552
1931,Vitznau,6354,6354,LU,3,1068,0,0,0,1415,0,0,27021379.5185547,25995.9737451215,12566651.2478027,17725.596510993
1932,Rigi Kaltbad,6356,6356,LU,3,1069,0,0,0,165,0,0,10622594.9052734,23240.3580918588,4936449.13500977,15846.4070108108
1933,Stansstad,6362,6362,NW,7,1510,0,0,0,3621,0,0,10457550.1523438,18484.4050405537,4871057.21118164,12617.5487756505
1934,Obbürgen,6363,6363,NW,7,1510,0,0,0,821,0,0,12044660.0180664,20546.3537358235,5607635.61376953,14025.808736804
1935,Kehrsiten,6365,6365,NW,7,1510,0,0,0,254,0,0,30303206.4121094,28259.7177689959,14099697.0166016,19285.0918873889
1936,Oberdorf NW,6370,6370,NW,7,1508,0,4,0,10366,38.58769,0,37530109.9208984,33255.0353296512,17492830.8312988,22703.0561402137
1937,Ennetmoos,6372,6372,NW,7,1506,0,1,0,2262,44.20866,0,31954553.9462891,24026.1291337931,14900330.78125,16405.6358837737
1938,Ennetbürgen,6373,6373,NW,7,1505,0,2,0,4646,43.04778,0,35824977.8378906,31639.3892436656,16674367.8730469,21593.3187456614
1939,Buochs,6374,6374,NW,7,1502,0,1,0,5311,18.82885,0,26091171.5014648,24453.0573600076,12156197.842041,16691.4032012324
1940,Beckenried,6375,6375,NW,7,1501,0,2,0,3640,54.94505,0,67929248.8417969,48785.3040042898,31669118.6428223,33310.6760517024
1941,Emmetten,6376,6376,NW,7,1504,0,0,0,1467,0,0,55966847.9628906,43554.2607926724,26096052.8225098,29742.2001253838
1942,Seelisberg,6377,6377,UR,4,1215,0,0,0,745,0,0,47152366.1992188,41625.8381092833,21971929.0437012,28420.0312931435
1943,Büren NW,6382,6382,NW,7,1508,0,0,0,972,0,0,11301103.8637695,20015.5885178424,5270447.59741211,13667.9167762566
1944,Wiesenberg,6383,6383,NW,7,1503,0,0,0,2009,0,0,53777138.5258789,53561.2583355544,25100893.2575684,36587.5208800563
1945,Wolfenschiessen,6386,6386,NW,7,1511,0,0,0,1593,0,0,43031893.465332,49022.6910002495,20100682.621582,33507.8422903254
1946,Oberrickenbach,6387,6387,NW,7,1511,0,0,0,214,0,0,52402031.2954102,33473.0007238373,24494833.2973633,22888.3300700304
1947,Grafenort,6388,6388,OW,6,1402,0,0,0,351,0,0,50409426.3530273,41288.0758928981,23579490.1953125,28234.3993203977
1948,Engelberg,6390,6390,OW,6,1402,0,1,0,4167,23.99808,0,263257795.750488,82591.9690232867,123351539.265869,56538.4001521532
1949,Merlischachen,6402,6402,SZ,5,1331,0,0,0,1273,0,0,8575247.16455078,12540.5698508077,3980026.9621582,8544.49159143969
1950,Küssnacht am Rigi,6403,6403,SZ,5,1331,0,1,0,9171,10.90394,0,46309691.1777344,39229.5861399337,21486478.0090332,26723.7821229218
1951,Greppen,6404,6404,LU,3,1056,0,0,0,1126,0,0,10069278.7373047,18517.9382216173,4676043.78955078,12627.8920693789
1952,Immensee,6405,6405,SZ,5,1331,0,0,0,2694,0,0,23226655.246582,22573.1552225667,10770557.1604004,15369.7770527601
1953,Goldau,6410,6410,SZ,5,1362,0,1,0,6212,16.09788,0,48906431.0654297,43579.6722840672,22720633.4599609,29706.3031309297
1954,Oberarth,6414,6414,SZ,5,1362,0,0,0,2105,0,0,3973917.18017578,11725.5096432077,1845497.32250977,7994.41464375245
1955,Arth,6415,6415,SZ,5,1362,0,1,0,3770,26.5252,0,44687578.6870117,30967.7155664505,20737272.4604492,21095.0459383335
1956,Steinerberg,6416,6416,SZ,5,1374,0,0,0,954,0,0,15373731.2304688,18837.8312941906,7136139.89379883,12829.952891441
1957,Sattel,6417,6417,SZ,5,1371,0,0,0,1976,0,0,40663390.1582031,33206.4521843796,18866169.9494629,22616.9989900194
1958,Rothenthurm,6418,6418,SZ,5,1370,0,0,0,2486,0,0,57490712.46875,39406.1789951029,26651588.8395996,26823.5600870972
1959,Steinen,6422,6422,SZ,5,1373,0,0,0,3443,0,0,25339813.4306641,26126.6352007566,11768883.9082031,17802.1542126898
1960,Seewen SZ,6423,6423,SZ,5,1372,0,0,0,3131,0,0,20087067.4682617,27250.4147326096,9335908.01025391,18575.5034759491
1961,Lauerz,6424,6424,SZ,5,1365,0,0,0,1120,0,0,19687486.0361328,20416.7117674176,9153078.66015625,13922.8235243337
1962,Schwyz Zustellung,6430,6430,SZ,5,1372,0,1,0,5853,17.08526,0,40588302.6533203,42488.8305389263,18863208.760498,28962.7265765343
1963,Rickenbach b. Schwyz,6432,6432,SZ,5,1372,0,0,0,1396,0,0,25673492.140625,25415.4088908265,11942067.4165039,17337.6214530044
1964,Stoos SZ,6433,6433,SZ,5,1366,0,0,0,179,0,0,39544674.4228516,31958.075765226,18422410.6647949,21818.1263763775
1965,Illgau,6434,6434,SZ,5,1363,0,0,0,728,0,0,23327099.1484375,23613.1891328589,10856538.0881348,16120.2053499366
1966,Ried (Muotathal),6436,6436,SZ,5,1367,0,0,0,3657,0,0,451281388.97168,115792.076500001,210397867.789551,79079.8259761433
1967,Ibach,6438,6438,SZ,5,1372,0,0,0,4857,0,0,13072868.3823242,22841.288104226,6082768.76293945,15581.5379207683
1968,Brunnen,6440,6440,SZ,5,1364,0,1,0,8939,11.18693,0,34858967.847168,34260.2050439269,16220709.8710938,23375.7133562078
1969,Rütli,6441,6441,UR,4,1215,0,0,0,0,0,0,1441503.39941406,5023.15369282559,671551.016845703,3427.97786267427
1970,Gersau,6442,6442,SZ,5,1311,0,0,0,2334,0,0,50412640.8256836,32822.3432338693,23460807.5,22400.3834412525
1971,Morschach,6443,6443,SZ,5,1366,0,0,0,948,0,0,19401387.2944336,27795.3662481008,9036732.40820313,18963.9796551032
1972,Riemenstalden,6452,6452,SZ,5,1369,0,1,0,513,194.93177,0,69532850.703125,44834.816600742,32429742.5917969,30627.9315607714
1973,Flüelen,6454,6454,UR,4,1207,0,1,0,1972,50.70994,0,33450556.6142578,33806.3532472255,15615525.0891113,23095.4139433415
1974,Altdorf UR,6460,6460,UR,4,1201,0,1,0,10308,9.7012,0,23657750.1889648,24790.4263693118,11054824.8647461,16939.8235258332
1975,Isenthal,6461,6461,UR,4,1211,0,0,0,509,0,0,132079957.971191,59891.8716157685,61721649.7814941,40947.277857567
1976,Seedorf UR,6462,6462,UR,4,1214,0,0,0,1868,0,0,38847137.9741211,32710.6287188711,18156270.7097168,22360.9780940793
1977,Bürglen UR,6463,6463,UR,4,1205,0,1,0,2983,33.5233,0,50047039.4995117,36589.1789191806,23388370.2009277,25010.0453453318
1978,Spiringen,6464,6464,UR,4,1218,0,0,0,847,0,0,48382649.2929688,38276.889402832,22618285.4250488,26165.7050050352
1979,Unterschächen,6465,6465,UR,4,1219,0,0,0,729,0,0,134932658.723145,54071.0548226454,63146037.2265625,36995.0218586962
1980,Bauen,6466,6466,UR,4,1204,0,0,0,165,0,0,15466313.5380859,20736.1481917837,7215880.43237305,14166.8424143771
1981,Schattdorf,6467,6467,UR,4,1213,0,2,0,5241,38.16066,0,15272351.2441406,17525.3957020564,7144861.59155273,11985.4971680853
1982,Attinghausen,6468,6468,UR,4,1203,0,0,0,1721,0,0,38041168.2407227,29524.8783193815,17798775.6896973,20200.1422729219
1983,Haldi b. Schattdorf,6469,6469,UR,4,1213,0,0,0,309,0,0,21453884.5595703,21880.7306322265,10040955.5759277,14971.4916204144
1984,Erstfeld,6472,6472,UR,4,1206,0,0,0,3833,0,0,130719054.395996,61415.7574513172,61254085.6242676,42052.9467812972
1985,Silenen,6473,6473,UR,4,1216,0,0,0,1114,0,0,41556907.3295898,38625.8722699486,19478671.2626953,26449.7457576156
1986,Amsteg,6474,6474,UR,4,1216,0,0,0,399,0,0,10454441.2695313,14021.5002896171,4904886.94018555,9605.8906134914
1987,Bristen,6475,6475,UR,4,1216,0,0,0,480,0,0,260372961.796875,88244.9776767124,122190061.056152,60452.8501028165
1988,Intschi,6476,6476,UR,4,1209,0,0,0,185,0,0,27345573.7436523,28002.2309776239,12833022.4726563,19185.9095279159
1989,Gurtnellen,6482,6482,UR,4,1209,0,0,0,389,0,0,141581542.84375,63103.5576847106,66534423.0117188,43258.3057762929
1990,Wassen UR,6484,6484,UR,4,1220,0,0,0,345,0,0,52077629.5830078,30809.7214066614,24508893.8930664,21139.460986991
1991,Meien,6485,6485,UR,4,1220,0,0,0,68,0,0,153923836.182129,54904.6679164276,72336008.9111328,37638.1775727433
1992,Göschenen,6487,6487,UR,4,1208,0,0,0,444,0,0,220698178.913086,78226.1192071295,103986807.995605,53711.9882632816
1993,Andermatt,6490,6490,UR,4,1202,0,0,0,1390,0,0,131765980.955078,61455.3242918136,62184011.5175781,42214.0196261906
1994,Realp,6491,6491,UR,4,1212,0,0,0,161,0,0,164998839.010742,55114.4672691106,77983105.4423828,37883.4229742159
1995,Hospental,6493,6493,UR,4,1210,0,0,0,190,0,0,74591491.8510742,38334.2529415607,35219753.364502,26344.7294953829
1996,Bellinzona VZ,6500,6500,TI,21,5002,0,1,0,16709,5.9848,0,23997666.1523438,25539.0128362541,11504666.2785645,17686.6419625986
1997,Bellinzona,6503,6500,TI,21,5002,0,0,0,1549,0,0,15830842.7885742,23137.8658704387,7584179.07055664,16023.4151281048
1998,Giubiasco,6512,6512,TI,21,5002,0,0,0,8879,0,0,11591637.1796875,19696.5927601551,5561104.76660156,13652.1281687597
1999,Monte Carasso,6513,6513,TI,21,5002,0,0,0,2649,0,0,20344671.4301758,25301.6804543062,9749257.01586914,17514.195536001
2000,Sementina,6514,6514,TI,21,5002,0,0,0,3577,0,0,16638563.2167969,21972.7604958743,7977384.95581055,15215.9024555153
